0,WEAgent18,HIGH_INCOME,1192,1192.0,1149,769.012
0,WEAgent19,FEMALE_LOW_INCOME,1752,1752.0,0,0.0
0,WEAgent16,FEMALE_LOW_INCOME,2628,2628.0,0,0.0
0,WEAgent17,MALE_OLD_HIGH_INCOME,484,484.0,483,483.1320000000003
0,WEAgent14,YOUNG_HIGH_INCOME,309,309.0,0,0.0
0,WEAgent15,FEMALE,2017,2017.0,0,0.0
0,WEAgent12,OLD,1082,1082.0,0,0.0
0,WEAgent13,MALE_OLD,1561,1561.0,0,0.0
0,WEAgent9,FEMALE_YOUNG_LOW_INCOME,792,792.0,0,0.0
0,WEAgent10,FEMALE_OLD_HIGH_INCOME,244,244.0,0,0.0
0,WEAgent11,MALE_OLD,1041,1041.0,0,0.0
0,WEAgent7,MALE_OLD_HIGH_INCOME,161,161.0,160,160.1600000000004
0,WEAgent8,MALE_LOW_INCOME,2178,2178.0,0,0.0
0,WEAgent1,MALE_YOUNG,1411,1411.0,0,0.0
0,WEAgent2,YOUNG_LOW_INCOME,2289,2289.0,0,0.0
0,WEAgent0,FEMALE_YOUNG_LOW_INCOME,792,792.0,0,0.0
0,WEAgent5,LOW_INCOME,3204,3204.0,3200,804.8039999999879
0,WEAgent6,MALE_YOUNG,941,941.0,0,0.0
0,WEAgent3,FEMALE_YOUNG_LOW_INCOME,792,792.0,0,0.0
0,WEAgent4,LOW_INCOME,4807,4807.0,4788,4788.766000000062
0,SIAgent1,MALE,1982,1982.0,164,18.0
0,SIAgent2,MALE_YOUNG_LOW_INCOME,367,367.0,13,13.0
0,SIAgent0,FEMALE_YOUNG,1341,1341.0,43,0.0
0,WEAgent21,YOUNG,1835,1835.0,0,0.0
0,WEAgent22,MALE_YOUNG,1411,1411.0,0,0.0
0,WEAgent20,FEMALE,2017,2017.0,0,0.0
1,WEAgent18,MALE_OLD_HIGH_INCOME,323,323.0,0,0.0
1,WEAgent19,FEMALE_YOUNG_LOW_INCOME,792,792.0,0,0.0
1,WEAgent16,OLD_HIGH_INCOME,486,486.0,266,266.2660000000006
1,WEAgent17,FEMALE_YOUNG_LOW_INCOME,396,396.0,0,0.0
1,WEAgent14,OLD_HIGH_INCOME,486,486.0,254,254.25400000000084
1,WEAgent15,YOUNG,917,917.0,0,0.0
1,WEAgent12,LOW_INCOME,4807,4807.0,2806,2808.8060000001137
1,WEAgent13,FEMALE_YOUNG,1341,1341.0,0,0.0
1,WEAgent9,FEMALE_HIGH_INCOME,265,265.0,0,0.0
1,WEAgent10,OLD_HIGH_INCOME,243,243.0,0,0.0
1,WEAgent11,OLD_LOW_INCOME,1678,1678.0,1678,1678.0
1,WEAgent7,MALE,2973,2973.0,0,0.0
1,WEAgent8,LOW_INCOME,4807,4807.0,2854,2856.8540000001235
1,WEAgent1,LOW_INCOME,1602,1602.0,0,0.0
1,WEAgent2,FEMALE,1008,1008.0,0,0.0
1,WEAgent0,FEMALE_YOUNG_LOW_INCOME,1188,1188.0,0,0.0
1,WEAgent5,YOUNG_LOW_INCOME,763,763.0,0,0.0
1,WEAgent6,YOUNG_LOW_INCOME,2289,2289.0,0,0.0
1,WEAgent3,MALE_HIGH_INCOME,265,265.0,0,0.0
1,WEAgent4,FEMALE_YOUNG_HIGH_INCOME,153,153.0,0,0.0
1,SIAgent1,MALE_OLD,1561,1561.0,0,0.0
1,SIAgent2,FEMALE,2017,2017.0,1361,0.0
1,SIAgent0,MALE_YOUNG_HIGH_INCOME,103,103.0,15,0.0
1,WEAgent21,HIGH_INCOME,795,795.0,766,766.2489999999964
1,WEAgent22,FEMALE_OLD,1123,1123.0,0,0.0
1,WEAgent20,FEMALE_YOUNG_HIGH_INCOME,51,51.0,0,0.0
2,WEAgent18,FEMALE_LOW_INCOME,1752,1752.0,0,0.0
2,WEAgent19,FEMALE_YOUNG_HIGH_INCOME,102,102.0,0,0.0
2,WEAgent16,MALE_HIGH_INCOME,530,530.0,0,0.0
2,WEAgent17,YOUNG,917,917.0,0,0.0
2,WEAgent14,MALE_YOUNG_HIGH_INCOME,206,206.0,0,0.0
2,WEAgent15,FEMALE_OLD,1123,1123.0,0,0.0
2,WEAgent12,MALE_YOUNG_LOW_INCOME,734,734.0,0,0.0
2,WEAgent13,OLD_LOW_INCOME,839,839.0,0,0.0
2,WEAgent9,MALE,1982,1982.0,0,0.0
2,WEAgent10,HIGH_INCOME,1192,1192.0,600,600.5999999999927
2,WEAgent11,OLD_LOW_INCOME,1678,1678.0,0,0.0
2,WEAgent7,FEMALE_OLD_LOW_INCOME,480,480.0,480,480.0
2,WEAgent8,HIGH_INCOME,1192,1192.0,567,567.5669999999935
2,WEAgent1,YOUNG_LOW_INCOME,763,763.0,0,0.0
2,WEAgent2,MALE_YOUNG,1411,1411.0,0,0.0
2,WEAgent0,OLD_LOW_INCOME,1678,1678.0,0,0.0
2,WEAgent5,FEMALE,1008,1008.0,0,0.0
2,WEAgent6,FEMALE_HIGH_INCOME,265,265.0,0,0.0
2,WEAgent3,LOW_INCOME,4807,4807.0,4857,1177.0
2,WEAgent4,FEMALE_OLD_LOW_INCOME,960,960.0,0,0.0
2,SIAgent1,OLD_HIGH_INCOME,486,486.0,0,0.0
2,SIAgent2,FEMALE_HIGH_INCOME,265,265.0,0,0.0
2,SIAgent0,FEMALE_LOW_INCOME,2628,2628.0,2709,0.0
2,WEAgent21,MALE_YOUNG,1411,1411.0,0,0.0
2,WEAgent22,FEMALE_HIGH_INCOME,132,132.0,0,0.0
2,WEAgent20,MALE_HIGH_INCOME,795,795.0,787,787.011
3,WEAgent18,FEMALE_YOUNG,894,894.0,0,0.0
3,WEAgent19,HIGH_INCOME,795,795.0,0,0.0
3,WEAgent16,MALE,991,991.0,0,0.0
3,WEAgent17,FEMALE_YOUNG,894,894.0,0,0.0
3,WEAgent14,FEMALE_YOUNG,1341,1341.0,0,0.0
3,WEAgent15,OLD,1082,1082.0,853,853.8529999999868
3,WEAgent12,FEMALE_YOUNG_LOW_INCOME,1188,1188.0,0,0.0
3,WEAgent13,MALE_OLD,520,520.0,0,0.0
3,WEAgent9,FEMALE_LOW_INCOME,2628,2628.0,0,0.0
3,WEAgent10,YOUNG_LOW_INCOME,1526,1526.0,0,0.0
3,WEAgent11,FEMALE_YOUNG_LOW_INCOME,396,396.0,0,0.0
3,WEAgent7,MALE_OLD_LOW_INCOME,359,359.0,0,0.0
3,WEAgent8,MALE_OLD,1561,1561.0,1056,1057.055999999982
3,WEAgent1,HIGH_INCOME,795,795.0,0,0.0
3,WEAgent2,FEMALE_YOUNG,1341,1341.0,0,0.0
3,WEAgent0,MALE_OLD_HIGH_INCOME,161,161.0,0,0.0
3,WEAgent5,FEMALE_LOW_INCOME,1752,1752.0,1755,415.41499999999706
3,WEAgent6,FEMALE,1008,1008.0,0,0.0
3,WEAgent3,MALE_YOUNG,470,470.0,470,470.0
3,WEAgent4,MALE_OLD,1561,1561.0,945,945.9449999999846
3,SIAgent1,YOUNG,1835,1835.0,1415,491.0
3,SIAgent2,FEMALE_YOUNG_HIGH_INCOME,102,102.0,17,17.0
3,SIAgent0,MALE_YOUNG,470,470.0,470,470.0
3,WEAgent21,MALE_YOUNG_LOW_INCOME,1101,1101.0,0,0.0
3,WEAgent22,HIGH_INCOME,1192,1192.0,0,0.0
3,WEAgent20,FEMALE,3026,3026.0,3019,2620.382999999993
4,WEAgent18,FEMALE_OLD_HIGH_INCOME,81,81.0,0,0.0
4,WEAgent19,FEMALE_YOUNG_LOW_INCOME,396,396.0,0,0.0
4,WEAgent16,MALE_YOUNG_LOW_INCOME,367,367.0,0,0.0
4,WEAgent17,FEMALE_OLD_HIGH_INCOME,81,81.0,0,0.0
4,WEAgent14,YOUNG,917,917.0,0,0.0
4,WEAgent15,MALE_OLD,1041,1041.0,0,0.0
4,WEAgent12,HIGH_INCOME,1192,1192.0,0,0.0
4,WEAgent13,MALE_OLD_HIGH_INCOME,161,161.0,0,0.0
4,WEAgent9,YOUNG,2753,2753.0,2769,283.0
4,WEAgent10,MALE_YOUNG,1411,1411.0,0,0.0
4,WEAgent11,FEMALE_YOUNG_LOW_INCOME,396,396.0,0,0.0
4,WEAgent7,MALE_LOW_INCOME,726,726.0,0,0.0
4,WEAgent8,MALE_YOUNG_HIGH_INCOME,206,206.0,0,0.0
4,WEAgent1,YOUNG_HIGH_INCOME,309,309.0,0,0.0
4,WEAgent2,MALE_HIGH_INCOME,265,265.0,0,0.0
4,WEAgent0,FEMALE,2017,2017.0,0,0.0
4,WEAgent5,FEMALE_OLD,1123,1123.0,0,0.0
4,WEAgent6,FEMALE_OLD,1684,1684.0,0,0.0
4,WEAgent3,MALE_HIGH_INCOME,265,265.0,0,0.0
4,WEAgent4,MALE_YOUNG_LOW_INCOME,734,734.0,0,0.0
4,SIAgent1,FEMALE_LOW_INCOME,2628,2628.0,2755,464.0
4,SIAgent2,MALE_OLD,1561,1561.0,1844,0.0
4,SIAgent0,FEMALE_YOUNG,447,447.0,447,447.0
4,WEAgent21,OLD,2164,2164.0,2185,1757.0
4,WEAgent22,MALE_HIGH_INCOME,530,530.0,0,0.0
4,WEAgent20,FEMALE_YOUNG_LOW_INCOME,396,396.0,0,0.0
5,WEAgent18,MALE_LOW_INCOME,2178,2178.0,0,0.0
5,WEAgent19,MALE_OLD_LOW_INCOME,359,359.0,0,0.0
5,WEAgent16,YOUNG,2753,2753.0,2701,1554.8399999999854
5,WEAgent17,YOUNG_LOW_INCOME,2289,2289.0,0,0.0
5,WEAgent14,FEMALE,2017,2017.0,0,0.0
5,WEAgent15,YOUNG_LOW_INCOME,2289,2289.0,0,0.0
5,WEAgent12,FEMALE_YOUNG,447,447.0,0,0.0
5,WEAgent13,LOW_INCOME,3204,3204.0,3203,3203.4189999999926
5,WEAgent9,MALE_LOW_INCOME,2178,2178.0,0,0.0
5,WEAgent10,FEMALE_YOUNG,894,894.0,0,0.0
5,WEAgent11,HIGH_INCOME,795,795.0,0,0.0
5,WEAgent7,MALE_OLD,1041,1041.0,0,0.0
5,WEAgent8,MALE_YOUNG_LOW_INCOME,1101,1101.0,0,0.0
5,WEAgent1,FEMALE_OLD_LOW_INCOME,960,960.0,0,0.0
5,WEAgent2,MALE_HIGH_INCOME,795,795.0,0,0.0
5,WEAgent0,MALE_YOUNG_HIGH_INCOME,206,206.0,0,0.0
5,WEAgent5,MALE_LOW_INCOME,726,726.0,0,0.0
5,WEAgent6,OLD_LOW_INCOME,839,839.0,0,0.0
5,WEAgent3,FEMALE_YOUNG,894,894.0,0,0.0
5,WEAgent4,FEMALE_OLD_LOW_INCOME,960,960.0,0,0.0
5,SIAgent1,MALE_LOW_INCOME,1452,1452.0,27,15.0
5,SIAgent2,HIGH_INCOME,1192,1192.0,622,614.0
5,SIAgent0,OLD,1082,1082.0,820,648.0
5,WEAgent21,OLD_LOW_INCOME,2517,2517.0,0,0.0
5,WEAgent22,MALE_YOUNG_LOW_INCOME,1101,1101.0,0,0.0
5,WEAgent20,FEMALE_LOW_INCOME,2628,2628.0,2627,2627.4269999999924
6,WEAgent18,YOUNG_HIGH_INCOME,154,154.0,0,0.0
6,WEAgent19,MALE_YOUNG,941,941.0,1133,408.40799999999723
6,WEAgent16,FEMALE,1008,1008.0,0,0.0
6,WEAgent17,OLD_HIGH_INCOME,486,486.0,0,0.0
6,WEAgent14,FEMALE_HIGH_INCOME,132,132.0,0,0.0
6,WEAgent15,MALE_OLD,520,520.0,0,0.0
6,WEAgent12,FEMALE,1008,1008.0,0,0.0
6,WEAgent13,YOUNG_HIGH_INCOME,309,309.0,0,0.0
6,WEAgent9,MALE,991,991.0,990,990.2369999999972
6,WEAgent10,OLD_HIGH_INCOME,243,243.0,242,242.2420000000008
6,WEAgent11,FEMALE_LOW_INCOME,1752,1752.0,1752,1752.0
6,WEAgent7,MALE_OLD_HIGH_INCOME,484,484.0,0,0.0
6,WEAgent8,MALE_YOUNG_LOW_INCOME,367,367.0,366,366.3659999999982
6,WEAgent1,MALE_OLD_LOW_INCOME,718,718.0,0,0.0
6,WEAgent2,FEMALE_YOUNG_LOW_INCOME,1188,1188.0,0,0.0
6,WEAgent0,FEMALE_OLD,1684,1684.0,0,0.0
6,WEAgent5,MALE_LOW_INCOME,2178,2178.0,2229,383.3829999999978
6,WEAgent6,FEMALE_YOUNG_HIGH_INCOME,102,102.0,0,0.0
6,WEAgent3,MALE_YOUNG_HIGH_INCOME,103,103.0,0,0.0
6,WEAgent4,FEMALE_HIGH_INCOME,132,132.0,0,0.0
6,SIAgent1,OLD_HIGH_INCOME,243,243.0,284,215.0
6,SIAgent2,YOUNG_HIGH_INCOME,463,463.0,130,129.0
6,SIAgent0,FEMALE,3026,3026.0,2874,324.0
6,WEAgent21,OLD_HIGH_INCOME,729,729.0,0,0.0
6,WEAgent22,FEMALE_HIGH_INCOME,132,132.0,0,0.0
6,WEAgent20,YOUNG,917,917.0,0,0.0
7,WEAgent18,FEMALE_YOUNG_HIGH_INCOME,102,102.0,0,0.0
7,WEAgent19,OLD_HIGH_INCOME,729,729.0,0,0.0
7,WEAgent16,MALE_YOUNG,1411,1411.0,0,0.0
7,WEAgent17,MALE_YOUNG,941,941.0,0,0.0
7,WEAgent14,MALE_YOUNG,470,470.0,0,0.0
7,WEAgent15,MALE_OLD_HIGH_INCOME,323,323.0,0,0.0
7,WEAgent12,OLD,1082,1082.0,1032,1032.6749999999888
7,WEAgent13,YOUNG_HIGH_INCOME,154,154.0,153,153.15300000000036
7,WEAgent9,FEMALE_LOW_INCOME,876,876.0,875,875.842999999987
7,WEAgent10,YOUNG_LOW_INCOME,1526,1526.0,1554,302.30199999999974
7,WEAgent11,FEMALE_OLD_HIGH_INCOME,162,162.0,0,0.0
7,WEAgent7,FEMALE_YOUNG,894,894.0,0,0.0
7,WEAgent8,OLD_LOW_INCOME,839,839.0,0,0.0
7,WEAgent1,YOUNG,917,917.0,954,738.4819999999943
7,WEAgent2,MALE_OLD_LOW_INCOME,718,718.0,0,0.0
7,WEAgent0,OLD_HIGH_INCOME,486,486.0,0,0.0
7,WEAgent5,FEMALE_YOUNG,894,894.0,0,0.0
7,WEAgent6,MALE_OLD_LOW_INCOME,718,718.0,0,0.0
7,WEAgent3,FEMALE_LOW_INCOME,876,876.0,875,875.8749999999862
7,WEAgent4,MALE_OLD,520,520.0,0,0.0
7,SIAgent1,FEMALE_LOW_INCOME,2628,2628.0,1666,915.0
7,SIAgent2,FEMALE_LOW_INCOME,876,876.0,876,876.0
7,SIAgent0,FEMALE_HIGH_INCOME,132,132.0,12,0.0
7,WEAgent21,MALE_OLD,1561,1561.0,2003,737.7369999999895
7,WEAgent22,FEMALE_HIGH_INCOME,397,397.0,0,0.0
7,WEAgent20,MALE_YOUNG_HIGH_INCOME,103,103.0,0,0.0
8,WEAgent18,MALE_YOUNG_LOW_INCOME,367,367.0,0,0.0
8,WEAgent19,FEMALE_OLD_LOW_INCOME,1440,1440.0,0,0.0
8,WEAgent16,FEMALE_OLD_LOW_INCOME,1440,1440.0,0,0.0
8,WEAgent17,MALE,1982,1982.0,0,0.0
8,WEAgent14,FEMALE_OLD,561,561.0,0,0.0
8,WEAgent15,MALE_LOW_INCOME,2178,2178.0,0,0.0
8,WEAgent12,OLD,2164,2164.0,0,0.0
8,WEAgent13,FEMALE_YOUNG,894,894.0,0,0.0
8,WEAgent9,YOUNG,917,917.0,0,0.0
8,WEAgent10,MALE_OLD_HIGH_INCOME,161,161.0,0,0.0
8,WEAgent11,FEMALE_OLD_HIGH_INCOME,244,244.0,0,0.0
8,WEAgent7,MALE_HIGH_INCOME,795,795.0,829,16.015999999999995
8,WEAgent8,OLD,1082,1082.0,0,0.0
8,WEAgent1,FEMALE_YOUNG_HIGH_INCOME,102,102.0,0,0.0
8,WEAgent2,FEMALE_OLD_HIGH_INCOME,162,162.0,0,0.0
8,WEAgent0,OLD_LOW_INCOME,839,839.0,0,0.0
8,WEAgent5,LOW_INCOME,4807,4807.0,4800,4800.0
8,WEAgent6,HIGH_INCOME,1192,1192.0,1197,529.012
8,WEAgent3,FEMALE,2017,2017.0,0,0.0
8,WEAgent4,MALE_OLD_HIGH_INCOME,323,323.0,0,0.0
8,SIAgent1,FEMALE_YOUNG_LOW_INCOME,1188,1188.0,405,405.0
8,SIAgent2,MALE_YOUNG_HIGH_INCOME,310,310.0,3,0.0
8,SIAgent0,LOW_INCOME,3204,3204.0,2766,365.0
8,WEAgent21,MALE_OLD_HIGH_INCOME,323,323.0,0,0.0
8,WEAgent22,FEMALE_YOUNG_HIGH_INCOME,51,51.0,0,0.0
8,WEAgent20,MALE_YOUNG,1411,1411.0,0,0.0
9,WEAgent18,MALE_OLD,1041,1041.0,0,0.0
9,WEAgent19,FEMALE_HIGH_INCOME,265,265.0,0,0.0
9,WEAgent16,MALE_OLD_HIGH_INCOME,161,161.0,160,160.1600000000004
9,WEAgent17,MALE_YOUNG_HIGH_INCOME,103,103.0,0,0.0
9,WEAgent14,FEMALE_OLD_LOW_INCOME,480,480.0,0,0.0
9,WEAgent15,YOUNG_LOW_INCOME,763,763.0,0,0.0
9,WEAgent12,FEMALE_OLD_HIGH_INCOME,244,244.0,0,0.0
9,WEAgent13,OLD_HIGH_INCOME,486,486.0,636,177.17700000000048
9,WEAgent9,FEMALE_YOUNG_HIGH_INCOME,51,51.0,0,0.0
9,WEAgent10,YOUNG,2753,2753.0,0,0.0
9,WEAgent11,LOW_INCOME,1602,1602.0,1815,1196.1949999999788
9,WEAgent7,YOUNG_HIGH_INCOME,309,309.0,0,0.0
9,WEAgent8,OLD_LOW_INCOME,2517,2517.0,2513,2513.721999999985
9,WEAgent1,MALE_OLD,1041,1041.0,0,0.0
9,WEAgent2,FEMALE_YOUNG,1341,1341.0,0,0.0
9,WEAgent0,FEMALE,3026,3026.0,3016,2596.382999999993
9,WEAgent5,HIGH_INCOME,397,397.0,0,0.0
9,WEAgent6,YOUNG_LOW_INCOME,1526,1526.0,0,0.0
9,WEAgent3,YOUNG,917,917.0,0,0.0
9,WEAgent4,FEMALE_HIGH_INCOME,397,397.0,0,0.0
9,SIAgent1,FEMALE_YOUNG_HIGH_INCOME,153,153.0,0,0.0
9,SIAgent2,FEMALE_YOUNG,894,894.0,0,0.0
9,SIAgent0,MALE_LOW_INCOME,1452,1452.0,35,0.0
9,WEAgent21,YOUNG,1835,1835.0,1825,1318.5449999999942
9,WEAgent22,OLD_LOW_INCOME,1678,1678.0,0,0.0
9,WEAgent20,OLD_LOW_INCOME,839,839.0,0,0.0
10,WEAgent18,FEMALE_OLD,561,561.0,461,461.460999999996
10,WEAgent19,FEMALE,1008,1008.0,557,557.5569999999938
10,WEAgent16,FEMALE_OLD_LOW_INCOME,960,960.0,0,0.0
10,WEAgent17,OLD_HIGH_INCOME,729,729.0,0,0.0
10,WEAgent14,YOUNG_LOW_INCOME,2289,2289.0,0,0.0
10,WEAgent15,MALE_YOUNG_HIGH_INCOME,103,103.0,0,0.0
10,WEAgent12,YOUNG,917,917.0,0,0.0
10,WEAgent13,FEMALE_YOUNG_HIGH_INCOME,51,51.0,0,0.0
10,WEAgent9,MALE_OLD,520,520.0,0,0.0
10,WEAgent10,MALE_OLD,520,520.0,0,0.0
10,WEAgent11,FEMALE_LOW_INCOME,2628,2628.0,2437,470.46999999999576
10,WEAgent7,MALE_YOUNG,1411,1411.0,1902,0.0
10,WEAgent8,MALE_YOUNG_LOW_INCOME,734,734.0,0,0.0
10,WEAgent1,FEMALE_YOUNG,447,447.0,0,0.0
10,WEAgent2,FEMALE_YOUNG_LOW_INCOME,396,396.0,0,0.0
10,WEAgent0,FEMALE_OLD_LOW_INCOME,960,960.0,0,0.0
10,WEAgent5,LOW_INCOME,1602,1602.0,1600,1601.059999999982
10,WEAgent6,FEMALE,1008,1008.0,545,545.544999999994
10,WEAgent3,OLD_HIGH_INCOME,729,729.0,0,0.0
10,WEAgent4,MALE,1982,1982.0,1937,1441.6569999999883
10,SIAgent1,MALE_OLD,1561,1561.0,4,4.0
10,SIAgent2,FEMALE_YOUNG_HIGH_INCOME,51,51.0,0,0.0
10,SIAgent0,MALE_OLD_LOW_INCOME,718,718.0,2,2.0
10,WEAgent21,FEMALE_YOUNG,1341,1341.0,0,0.0
10,WEAgent22,FEMALE_HIGH_INCOME,397,397.0,0,0.0
10,WEAgent20,FEMALE,1008,1008.0,555,555.5549999999938
11,WEAgent18,HIGH_INCOME,795,795.0,0,0.0
11,WEAgent19,MALE_YOUNG,470,470.0,0,0.0
11,WEAgent16,MALE_YOUNG,470,470.0,0,0.0
11,WEAgent17,FEMALE_YOUNG,894,894.0,0,0.0
11,WEAgent14,MALE_YOUNG_HIGH_INCOME,103,103.0,0,0.0
11,WEAgent15,LOW_INCOME,1602,1602.0,1601,1601.5409999999943
11,WEAgent12,FEMALE_HIGH_INCOME,397,397.0,0,0.0
11,WEAgent13,MALE_YOUNG_HIGH_INCOME,310,310.0,0,0.0
11,WEAgent9,FEMALE_HIGH_INCOME,132,132.0,0,0.0
11,WEAgent10,FEMALE_YOUNG,1341,1341.0,0,0.0
11,WEAgent11,MALE_YOUNG_HIGH_INCOME,206,206.0,0,0.0
11,WEAgent7,FEMALE_OLD,1123,1123.0,0,0.0
11,WEAgent8,FEMALE,2017,2017.0,1987,1987.549999999989
11,WEAgent1,YOUNG_LOW_INCOME,763,763.0,0,0.0
11,WEAgent2,MALE_HIGH_INCOME,265,265.0,0,0.0
11,WEAgent0,FEMALE_OLD_HIGH_INCOME,162,162.0,0,0.0
11,WEAgent5,FEMALE_YOUNG,894,894.0,0,0.0
11,WEAgent6,FEMALE_HIGH_INCOME,132,132.0,0,0.0
11,WEAgent3,FEMALE_YOUNG,1341,1341.0,0,0.0
11,WEAgent4,MALE_OLD_HIGH_INCOME,161,161.0,0,0.0
11,SIAgent1,LOW_INCOME,4807,4807.0,5039,0.0
11,SIAgent2,FEMALE_YOUNG_HIGH_INCOME,51,51.0,4,4.0
11,SIAgent0,HIGH_INCOME,1192,1192.0,1369,5.0
11,WEAgent21,HIGH_INCOME,795,795.0,0,0.0
11,WEAgent22,MALE_LOW_INCOME,726,726.0,0,0.0
11,WEAgent20,MALE_LOW_INCOME,1452,1452.0,0,0.0
12,WEAgent18,MALE_OLD_LOW_INCOME,1077,1077.0,0,0.0
12,WEAgent19,LOW_INCOME,1602,1602.0,2182,241.24100000000078
12,WEAgent16,OLD_HIGH_INCOME,243,243.0,0,0.0
12,WEAgent17,FEMALE_YOUNG_LOW_INCOME,396,396.0,0,0.0
12,WEAgent14,MALE_YOUNG_HIGH_INCOME,103,103.0,0,0.0
12,WEAgent15,MALE_YOUNG_HIGH_INCOME,103,103.0,0,0.0
12,WEAgent12,HIGH_INCOME,795,795.0,0,0.0
12,WEAgent13,OLD_LOW_INCOME,2517,2517.0,0,0.0
12,WEAgent9,YOUNG,2753,2753.0,2758,2497.1429999999987
12,WEAgent10,MALE,2973,2973.0,0,0.0
12,WEAgent11,FEMALE_HIGH_INCOME,132,132.0,0,0.0
12,WEAgent7,YOUNG,1835,1835.0,1906,163.1630000000004
12,WEAgent8,YOUNG_LOW_INCOME,763,763.0,0,0.0
12,WEAgent1,MALE_HIGH_INCOME,530,530.0,0,0.0
12,WEAgent2,MALE_OLD,1561,1561.0,0,0.0
12,WEAgent0,MALE_YOUNG,941,941.0,0,0.0
12,WEAgent5,FEMALE_YOUNG_LOW_INCOME,396,396.0,0,0.0
12,WEAgent6,FEMALE_YOUNG_HIGH_INCOME,51,51.0,0,0.0
12,WEAgent3,FEMALE_OLD_HIGH_INCOME,244,244.0,0,0.0
12,WEAgent4,MALE_YOUNG_LOW_INCOME,734,734.0,0,0.0
12,SIAgent1,MALE,1982,1982.0,7,7.0
12,SIAgent2,MALE,2973,2973.0,8,8.0
12,SIAgent0,MALE_YOUNG,941,941.0,7,7.0
12,WEAgent21,FEMALE,1008,1008.0,0,0.0
12,WEAgent22,MALE_LOW_INCOME,726,726.0,0,0.0
12,WEAgent20,OLD,3246,3246.0,3132,2743.234999999997
13,WEAgent18,FEMALE,2017,2017.0,0,0.0
13,WEAgent19,YOUNG,2753,2753.0,0,0.0
13,WEAgent16,MALE_OLD,520,520.0,269,269.2690000000005
13,WEAgent17,MALE_HIGH_INCOME,795,795.0,777,777.2599999999961
13,WEAgent14,MALE_OLD_HIGH_INCOME,484,484.0,0,0.0
13,WEAgent15,MALE_OLD,1561,1561.0,0,0.0
13,WEAgent12,YOUNG_LOW_INCOME,2289,2289.0,0,0.0
13,WEAgent13,FEMALE_YOUNG_LOW_INCOME,792,792.0,0,0.0
13,WEAgent9,LOW_INCOME,4807,4807.0,2457,2459.4570000000426
13,WEAgent10,MALE_OLD_LOW_INCOME,1077,1077.0,0,0.0
13,WEAgent11,YOUNG_LOW_INCOME,763,763.0,0,0.0
13,WEAgent7,LOW_INCOME,1602,1602.0,0,0.0
13,WEAgent8,FEMALE_YOUNG,894,894.0,0,0.0
13,WEAgent1,FEMALE,3026,3026.0,3703,927.682999999989
13,WEAgent2,YOUNG,917,917.0,0,0.0
13,WEAgent0,MALE_OLD,1561,1561.0,0,0.0
13,WEAgent5,MALE_OLD_HIGH_INCOME,161,161.0,0,0.0
13,WEAgent6,LOW_INCOME,4807,4807.0,2494,2496.49400000005
13,WEAgent3,FEMALE_YOUNG_HIGH_INCOME,51,51.0,0,0.0
13,WEAgent4,MALE_OLD,520,520.0,257,257.2570000000008
13,SIAgent1,YOUNG,917,917.0,22,22.0
13,SIAgent2,MALE,1982,1982.0,21,21.0
13,SIAgent0,MALE_OLD_LOW_INCOME,718,718.0,0,0.0
13,WEAgent21,FEMALE_YOUNG_LOW_INCOME,792,792.0,0,0.0
13,WEAgent22,YOUNG_LOW_INCOME,2289,2289.0,0,0.0
13,WEAgent20,MALE,2973,2973.0,0,0.0
14,WEAgent18,FEMALE_LOW_INCOME,2628,2628.0,0,0.0
14,WEAgent19,OLD,1082,1082.0,0,0.0
14,WEAgent16,YOUNG_HIGH_INCOME,309,309.0,0,0.0
14,WEAgent17,YOUNG_LOW_INCOME,1526,1526.0,0,0.0
14,WEAgent14,FEMALE_HIGH_INCOME,265,265.0,0,0.0
14,WEAgent15,YOUNG,917,917.0,0,0.0
14,WEAgent12,FEMALE_LOW_INCOME,876,876.0,0,0.0
14,WEAgent13,FEMALE_YOUNG,447,447.0,0,0.0
14,WEAgent9,OLD_LOW_INCOME,1678,1678.0,0,0.0
14,WEAgent10,FEMALE_LOW_INCOME,2628,2628.0,0,0.0
14,WEAgent11,FEMALE_HIGH_INCOME,397,397.0,0,0.0
14,WEAgent7,MALE_LOW_INCOME,1452,1452.0,0,0.0
14,WEAgent8,MALE,1982,1982.0,1956,1162.6569999999892
14,WEAgent1,MALE_YOUNG_HIGH_INCOME,206,206.0,0,0.0
14,WEAgent2,FEMALE_OLD_LOW_INCOME,1440,1440.0,0,0.0
14,WEAgent0,MALE_OLD,520,520.0,0,0.0
14,WEAgent5,OLD_HIGH_INCOME,243,243.0,0,0.0
14,WEAgent6,YOUNG_LOW_INCOME,1526,1526.0,0,0.0
14,WEAgent3,MALE_YOUNG,1411,1411.0,0,0.0
14,WEAgent4,MALE_HIGH_INCOME,530,530.0,0,0.0
14,SIAgent1,OLD_LOW_INCOME,2517,2517.0,3470,0.0
14,SIAgent2,YOUNG_HIGH_INCOME,463,463.0,0,0.0
14,SIAgent0,FEMALE_OLD_HIGH_INCOME,81,81.0,0,0.0
14,WEAgent21,MALE_OLD_HIGH_INCOME,323,323.0,0,0.0
14,WEAgent22,LOW_INCOME,1602,1602.0,1599,1064.9679999999842
14,WEAgent20,FEMALE,3026,3026.0,2975,1011.3829999999953
15,WEAgent18,MALE_YOUNG_LOW_INCOME,734,734.0,0,0.0
15,WEAgent19,MALE_HIGH_INCOME,795,795.0,570,570.542999999994
15,WEAgent16,LOW_INCOME,4807,4807.0,2459,2461.459000000043
15,WEAgent17,YOUNG_HIGH_INCOME,309,309.0,0,0.0
15,WEAgent14,YOUNG,1835,1835.0,0,0.0
15,WEAgent15,MALE_HIGH_INCOME,795,795.0,531,531.5309999999944
15,WEAgent12,FEMALE_YOUNG_LOW_INCOME,396,396.0,0,0.0
15,WEAgent13,YOUNG_LOW_INCOME,1526,1526.0,0,0.0
15,WEAgent9,MALE_YOUNG_LOW_INCOME,1101,1101.0,0,0.0
15,WEAgent10,MALE_OLD_HIGH_INCOME,484,484.0,0,0.0
15,WEAgent11,MALE_YOUNG_HIGH_INCOME,103,103.0,0,0.0
15,WEAgent7,FEMALE_OLD,1123,1123.0,0,0.0
15,WEAgent8,FEMALE,2017,2017.0,0,0.0
15,WEAgent1,MALE_YOUNG_HIGH_INCOME,103,103.0,0,0.0
15,WEAgent2,FEMALE,3026,3026.0,0,0.0
15,WEAgent0,MALE_OLD_LOW_INCOME,718,718.0,0,0.0
15,WEAgent5,LOW_INCOME,3204,3204.0,3059,3059.6570000000374
15,WEAgent6,LOW_INCOME,4807,4807.0,2409,2411.409000000033
15,WEAgent3,MALE_YOUNG,470,470.0,0,0.0
15,WEAgent4,MALE_OLD_LOW_INCOME,1077,1077.0,0,0.0
15,SIAgent1,OLD_HIGH_INCOME,486,486.0,505,0.0
15,SIAgent2,YOUNG_HIGH_INCOME,309,309.0,13,0.0
15,SIAgent0,FEMALE_OLD_LOW_INCOME,480,480.0,58,0.0
15,WEAgent21,HIGH_INCOME,397,397.0,396,396.1400000000001
15,WEAgent22,MALE_YOUNG,470,470.0,0,0.0
15,WEAgent20,MALE,2973,2973.0,0,0.0
16,WEAgent18,FEMALE_HIGH_INCOME,397,397.0,0,0.0
16,WEAgent19,FEMALE_YOUNG_LOW_INCOME,792,792.0,0,0.0
16,WEAgent16,FEMALE_YOUNG,894,894.0,880,638.6379999999918
16,WEAgent17,FEMALE,3026,3026.0,0,0.0
16,WEAgent14,LOW_INCOME,4807,4807.0,4815,3013.605999999988
16,WEAgent15,FEMALE_YOUNG_LOW_INCOME,792,792.0,0,0.0
16,WEAgent12,OLD,3246,3246.0,3220,2837.0
16,WEAgent13,MALE_OLD_HIGH_INCOME,323,323.0,0,0.0
16,WEAgent9,MALE_YOUNG_LOW_INCOME,1101,1101.0,0,0.0
16,WEAgent10,FEMALE_YOUNG_HIGH_INCOME,153,153.0,0,0.0
16,WEAgent11,FEMALE_YOUNG_LOW_INCOME,1188,1188.0,0,0.0
16,WEAgent7,OLD_LOW_INCOME,1678,1678.0,0,0.0
16,WEAgent8,FEMALE_HIGH_INCOME,397,397.0,0,0.0
16,WEAgent1,FEMALE_OLD_LOW_INCOME,1440,1440.0,0,0.0
16,WEAgent2,FEMALE_HIGH_INCOME,397,397.0,0,0.0
16,WEAgent0,OLD,2164,2164.0,0,0.0
16,WEAgent5,MALE_OLD_LOW_INCOME,1077,1077.0,0,0.0
16,WEAgent6,LOW_INCOME,1602,1602.0,0,0.0
16,WEAgent3,YOUNG,1835,1835.0,0,0.0
16,WEAgent4,FEMALE_YOUNG_HIGH_INCOME,102,102.0,0,0.0
16,SIAgent1,FEMALE_OLD_LOW_INCOME,480,480.0,367,0.0
16,SIAgent2,MALE_HIGH_INCOME,530,530.0,38,0.0
16,SIAgent0,YOUNG_LOW_INCOME,1526,1526.0,210,0.0
16,WEAgent21,MALE_OLD_LOW_INCOME,359,359.0,0,0.0
16,WEAgent22,YOUNG_HIGH_INCOME,463,463.0,0,0.0
16,WEAgent20,MALE_YOUNG,470,470.0,470,470.0
17,WEAgent18,MALE_YOUNG_HIGH_INCOME,310,310.0,361,153.15300000000036
17,WEAgent19,OLD,3246,3246.0,3213,2031.2349999999974
17,WEAgent16,FEMALE_OLD_LOW_INCOME,960,960.0,0,0.0
17,WEAgent17,HIGH_INCOME,1192,1192.0,0,0.0
17,WEAgent14,FEMALE,2017,2017.0,2206,0.0
17,WEAgent15,FEMALE_YOUNG_HIGH_INCOME,102,102.0,0,0.0
17,WEAgent12,OLD_LOW_INCOME,839,839.0,0,0.0
17,WEAgent13,MALE,991,991.0,0,0.0
17,WEAgent9,YOUNG_LOW_INCOME,763,763.0,0,0.0
17,WEAgent10,FEMALE_OLD_LOW_INCOME,1440,1440.0,2222,209.20900000000063
17,WEAgent11,FEMALE_YOUNG,1341,1341.0,0,0.0
17,WEAgent7,MALE_OLD,1041,1041.0,0,0.0
17,WEAgent8,MALE,2973,2973.0,0,0.0
17,WEAgent1,FEMALE_OLD_LOW_INCOME,960,960.0,0,0.0
17,WEAgent2,FEMALE_YOUNG,894,894.0,0,0.0
17,WEAgent0,FEMALE_OLD_HIGH_INCOME,244,244.0,0,0.0
17,WEAgent5,FEMALE_YOUNG,1341,1341.0,0,0.0
17,WEAgent6,YOUNG_HIGH_INCOME,309,309.0,0,0.0
17,WEAgent3,MALE_OLD_HIGH_INCOME,484,484.0,0,0.0
17,WEAgent4,YOUNG_HIGH_INCOME,154,154.0,153,153.15300000000036
17,SIAgent1,MALE_YOUNG_LOW_INCOME,734,734.0,726,726.0
17,SIAgent2,MALE_LOW_INCOME,1452,1452.0,752,724.0
17,SIAgent0,MALE_YOUNG_LOW_INCOME,367,367.0,367,367.0
17,WEAgent21,MALE_OLD,1041,1041.0,0,0.0
17,WEAgent22,OLD_LOW_INCOME,2517,2517.0,0,0.0
17,WEAgent20,MALE_YOUNG,941,941.0,0,0.0
18,WEAgent18,MALE_YOUNG_HIGH_INCOME,310,310.0,0,0.0
18,WEAgent19,OLD,1082,1082.0,1081,1081.7749999999887
18,WEAgent16,MALE_OLD_LOW_INCOME,1077,1077.0,0,0.0
18,WEAgent17,MALE_OLD_LOW_INCOME,1077,1077.0,0,0.0
18,WEAgent14,YOUNG_HIGH_INCOME,154,154.0,0,0.0
18,WEAgent15,FEMALE,3026,3026.0,3012,3012.7900000000127
18,WEAgent12,OLD,3246,3246.0,3183,2031.2349999999963
18,WEAgent13,FEMALE_LOW_INCOME,2628,2628.0,0,0.0
18,WEAgent9,MALE_LOW_INCOME,726,726.0,0,0.0
18,WEAgent10,HIGH_INCOME,795,795.0,0,0.0
18,WEAgent11,FEMALE_OLD_LOW_INCOME,480,480.0,0,0.0
18,WEAgent7,HIGH_INCOME,397,397.0,0,0.0
18,WEAgent8,MALE_YOUNG_HIGH_INCOME,103,103.0,0,0.0
18,WEAgent1,MALE_OLD_LOW_INCOME,1077,1077.0,0,0.0
18,WEAgent2,MALE_OLD,1561,1561.0,0,0.0
18,WEAgent0,MALE_YOUNG_HIGH_INCOME,310,310.0,0,0.0
18,WEAgent5,FEMALE_HIGH_INCOME,132,132.0,0,0.0
18,WEAgent6,YOUNG_HIGH_INCOME,463,463.0,0,0.0
18,WEAgent3,FEMALE_OLD_HIGH_INCOME,81,81.0,0,0.0
18,WEAgent4,FEMALE_LOW_INCOME,2628,2628.0,0,0.0
18,SIAgent1,YOUNG,1835,1835.0,1418,947.0
18,SIAgent2,FEMALE_LOW_INCOME,2628,2628.0,295,0.0
18,SIAgent0,MALE_LOW_INCOME,1452,1452.0,1011,979.0
18,WEAgent21,HIGH_INCOME,795,795.0,0,0.0
18,WEAgent22,FEMALE_OLD_LOW_INCOME,960,960.0,0,0.0
18,WEAgent20,FEMALE,2017,2017.0,0,0.0
19,WEAgent18,MALE_YOUNG_LOW_INCOME,1101,1101.0,0,0.0
19,WEAgent19,OLD_HIGH_INCOME,243,243.0,0,0.0
19,WEAgent16,OLD,3246,3246.0,1728,1729.7279999999662
19,WEAgent17,YOUNG_LOW_INCOME,1526,1526.0,1526,1526.0
19,WEAgent14,FEMALE,3026,3026.0,3025,3025.7900000000345
19,WEAgent15,MALE_OLD_HIGH_INCOME,484,484.0,0,0.0
19,WEAgent12,MALE,2973,2973.0,0,0.0
19,WEAgent13,YOUNG,917,917.0,0,0.0
19,WEAgent9,MALE_YOUNG_LOW_INCOME,1101,1101.0,0,0.0
19,WEAgent10,OLD_HIGH_INCOME,243,243.0,0,0.0
19,WEAgent11,FEMALE_OLD_HIGH_INCOME,162,162.0,0,0.0
19,WEAgent7,FEMALE_YOUNG_LOW_INCOME,1188,1188.0,0,0.0
19,WEAgent8,YOUNG_LOW_INCOME,763,763.0,0,0.0
19,WEAgent1,FEMALE_OLD,1684,1684.0,0,0.0
19,WEAgent2,OLD,3246,3246.0,1742,1743.7419999999659
19,WEAgent0,OLD_LOW_INCOME,1678,1678.0,0,0.0
19,WEAgent5,MALE_OLD_LOW_INCOME,718,718.0,0,0.0
19,WEAgent6,FEMALE_OLD_HIGH_INCOME,244,244.0,0,0.0
19,WEAgent3,FEMALE_YOUNG_LOW_INCOME,1188,1188.0,0,0.0
19,WEAgent4,MALE_OLD_HIGH_INCOME,161,161.0,0,0.0
19,SIAgent1,YOUNG,2753,2753.0,535,234.0
19,SIAgent2,MALE_OLD,1041,1041.0,0,0.0
19,SIAgent0,HIGH_INCOME,795,795.0,258,258.0
19,WEAgent21,FEMALE_HIGH_INCOME,265,265.0,0,0.0
19,WEAgent22,FEMALE_YOUNG,894,894.0,0,0.0
19,WEAgent20,FEMALE,1008,1008.0,1186,774.7739999999886
20,WEAgent18,MALE_YOUNG,941,941.0,0,0.0
20,WEAgent19,FEMALE_OLD_HIGH_INCOME,244,244.0,0,0.0
20,WEAgent16,FEMALE_YOUNG_HIGH_INCOME,102,102.0,0,0.0
20,WEAgent17,MALE_OLD,1041,1041.0,0,0.0
20,WEAgent14,YOUNG,917,917.0,0,0.0
20,WEAgent15,HIGH_INCOME,1192,1192.0,0,0.0
20,WEAgent12,LOW_INCOME,1602,1602.0,1601,1601.6689999999862
20,WEAgent13,FEMALE_OLD_LOW_INCOME,960,960.0,0,0.0
20,WEAgent9,OLD_HIGH_INCOME,729,729.0,0,0.0
20,WEAgent10,FEMALE_HIGH_INCOME,265,265.0,233,125.12500000000023
20,WEAgent11,MALE,1982,1982.0,1933,1933.6569999999872
20,WEAgent7,FEMALE_LOW_INCOME,1752,1752.0,1785,620.6199999999923
20,WEAgent8,MALE_OLD,520,520.0,0,0.0
20,WEAgent1,FEMALE_OLD,561,561.0,0,0.0
20,WEAgent2,FEMALE_OLD_LOW_INCOME,480,480.0,0,0.0
20,WEAgent0,MALE_LOW_INCOME,1452,1452.0,0,0.0
20,WEAgent5,MALE_YOUNG,941,941.0,0,0.0
20,WEAgent6,YOUNG_LOW_INCOME,763,763.0,0,0.0
20,WEAgent3,MALE_YOUNG_HIGH_INCOME,206,206.0,0,0.0
20,WEAgent4,FEMALE_LOW_INCOME,2628,2628.0,2611,2611.6479999999874
20,SIAgent1,MALE,991,991.0,1420,0.0
20,SIAgent2,FEMALE_YOUNG,447,447.0,9,9.0
20,SIAgent0,FEMALE_YOUNG_HIGH_INCOME,153,153.0,12,12.0
20,WEAgent21,HIGH_INCOME,397,397.0,396,396.1399999999996
20,WEAgent22,MALE_YOUNG,1411,1411.0,0,0.0
20,WEAgent20,MALE_OLD,520,520.0,0,0.0
21,WEAgent18,YOUNG_LOW_INCOME,1526,1526.0,0,0.0
21,WEAgent19,FEMALE_OLD_HIGH_INCOME,244,244.0,0,0.0
21,WEAgent16,FEMALE_LOW_INCOME,876,876.0,0,0.0
21,WEAgent17,MALE_OLD,1041,1041.0,0,0.0
21,WEAgent14,MALE_OLD_LOW_INCOME,718,718.0,0,0.0
21,WEAgent15,MALE_OLD_LOW_INCOME,1077,1077.0,0,0.0
21,WEAgent12,MALE_OLD_LOW_INCOME,1077,1077.0,0,0.0
21,WEAgent13,LOW_INCOME,1602,1602.0,0,0.0
21,WEAgent9,LOW_INCOME,4807,4807.0,4708,1176.8039999999878
21,WEAgent10,MALE_LOW_INCOME,2178,2178.0,0,0.0
21,WEAgent11,FEMALE_HIGH_INCOME,132,132.0,0,0.0
21,WEAgent7,FEMALE_YOUNG,447,447.0,0,0.0
21,WEAgent8,FEMALE_HIGH_INCOME,265,265.0,264,264.15300000000036
21,WEAgent1,FEMALE_YOUNG,894,894.0,0,0.0
21,WEAgent2,FEMALE_HIGH_INCOME,397,397.0,413,140.1400000000003
21,WEAgent0,FEMALE_HIGH_INCOME,132,132.0,0,0.0
21,WEAgent5,MALE_YOUNG_HIGH_INCOME,103,103.0,519,0.0
21,WEAgent6,YOUNG,1835,1835.0,0,0.0
21,WEAgent3,FEMALE_LOW_INCOME,1752,1752.0,0,0.0
21,WEAgent4,MALE_OLD_HIGH_INCOME,161,161.0,818,0.0
21,SIAgent1,FEMALE_LOW_INCOME,2628,2628.0,71,0.0
21,SIAgent2,FEMALE_OLD_HIGH_INCOME,244,244.0,20,0.0
21,SIAgent0,FEMALE_OLD_LOW_INCOME,480,480.0,0,0.0
21,WEAgent21,LOW_INCOME,3204,3204.0,3187,3187.8040000000274
21,WEAgent22,FEMALE_YOUNG_LOW_INCOME,396,396.0,0,0.0
21,WEAgent20,MALE_YOUNG,1411,1411.0,0,0.0
22,WEAgent18,YOUNG_LOW_INCOME,1526,1526.0,0,0.0
22,WEAgent19,OLD_LOW_INCOME,1678,1678.0,0,0.0
22,WEAgent16,MALE,2973,2973.0,0,0.0
22,WEAgent17,HIGH_INCOME,1192,1192.0,0,0.0
22,WEAgent14,MALE_OLD_LOW_INCOME,359,359.0,0,0.0
22,WEAgent15,MALE_YOUNG,470,470.0,470,470.0
22,WEAgent12,MALE_HIGH_INCOME,530,530.0,0,0.0
22,WEAgent13,FEMALE_YOUNG,447,447.0,437,190.19000000000054
22,WEAgent9,MALE_OLD_LOW_INCOME,359,359.0,0,0.0
22,WEAgent10,OLD,3246,3246.0,3239,3239.2349999999965
22,WEAgent11,YOUNG,1835,1835.0,0,0.0
22,WEAgent7,FEMALE_LOW_INCOME,1752,1752.0,0,0.0
22,WEAgent8,YOUNG,2753,2753.0,0,0.0
22,WEAgent1,MALE,2973,2973.0,0,0.0
22,WEAgent2,MALE_OLD,520,520.0,0,0.0
22,WEAgent0,LOW_INCOME,3204,3204.0,3187,3187.184999999998
22,WEAgent5,FEMALE_OLD,1123,1123.0,0,0.0
22,WEAgent6,FEMALE_YOUNG_LOW_INCOME,792,792.0,0,0.0
22,WEAgent3,MALE,1982,1982.0,0,0.0
22,WEAgent4,OLD,2164,2164.0,2149,2149.2290000000007
22,SIAgent1,MALE_YOUNG,1411,1411.0,5,0.0
22,SIAgent2,OLD,3246,3246.0,55,0.0
22,SIAgent0,FEMALE_YOUNG_LOW_INCOME,396,396.0,458,0.0
22,WEAgent21,FEMALE_OLD,1684,1684.0,0,0.0
22,WEAgent22,FEMALE_OLD_HIGH_INCOME,81,81.0,0,0.0
22,WEAgent20,FEMALE_OLD_LOW_INCOME,1440,1440.0,0,0.0
23,WEAgent18,FEMALE_OLD_HIGH_INCOME,244,244.0,222,120.1200000000002
23,WEAgent19,OLD_HIGH_INCOME,486,486.0,0,0.0
23,WEAgent16,MALE_OLD_HIGH_INCOME,323,323.0,0,0.0
23,WEAgent17,FEMALE_OLD_HIGH_INCOME,162,162.0,161,161.1610000000004
23,WEAgent14,FEMALE,1008,1008.0,0,0.0
23,WEAgent15,YOUNG,1835,1835.0,979,979.9789999999838
23,WEAgent12,YOUNG_LOW_INCOME,2289,2289.0,0,0.0
23,WEAgent13,MALE_YOUNG,941,941.0,0,0.0
23,WEAgent9,MALE,991,991.0,885,885.884999999986
23,WEAgent10,MALE_YOUNG_HIGH_INCOME,206,206.0,0,0.0
23,WEAgent11,OLD_LOW_INCOME,2517,2517.0,2505,2506.439999999989
23,WEAgent7,FEMALE_YOUNG,1341,1341.0,0,0.0
23,WEAgent8,FEMALE_LOW_INCOME,2628,2628.0,2621,2621.6479999999874
23,WEAgent1,FEMALE_OLD,1123,1123.0,0,0.0
23,WEAgent2,MALE_OLD,1561,1561.0,1631,719.7189999999899
23,WEAgent0,MALE_YOUNG,470,470.0,0,0.0
23,WEAgent5,YOUNG_LOW_INCOME,2289,2289.0,0,0.0
23,WEAgent6,FEMALE_OLD,561,561.0,0,0.0
23,WEAgent3,YOUNG,1835,1835.0,996,996.9959999999834
23,WEAgent4,FEMALE_OLD_LOW_INCOME,960,960.0,0,0.0
23,SIAgent1,FEMALE_LOW_INCOME,2628,2628.0,0,0.0
23,SIAgent2,MALE_YOUNG,470,470.0,0,0.0
23,SIAgent0,FEMALE_YOUNG,447,447.0,0,0.0
23,WEAgent21,FEMALE_OLD_LOW_INCOME,1440,1440.0,0,0.0
23,WEAgent22,YOUNG_LOW_INCOME,1526,1526.0,0,0.0
23,WEAgent20,FEMALE_HIGH_INCOME,132,132.0,0,0.0
24,WEAgent18,FEMALE_HIGH_INCOME,265,265.0,0,0.0
24,WEAgent19,MALE_YOUNG_LOW_INCOME,734,734.0,0,0.0
24,WEAgent16,YOUNG_HIGH_INCOME,463,463.0,0,0.0
24,WEAgent17,YOUNG_LOW_INCOME,763,763.0,0,0.0
24,WEAgent14,YOUNG,1835,1835.0,0,0.0
24,WEAgent15,FEMALE_YOUNG,894,894.0,0,0.0
24,WEAgent12,MALE_OLD_HIGH_INCOME,484,484.0,0,0.0
24,WEAgent13,FEMALE_YOUNG_LOW_INCOME,1188,1188.0,0,0.0
24,WEAgent9,MALE_YOUNG_LOW_INCOME,734,734.0,0,0.0
24,WEAgent10,MALE_OLD_LOW_INCOME,718,718.0,0,0.0
24,WEAgent11,OLD_HIGH_INCOME,243,243.0,0,0.0
24,WEAgent7,OLD,3246,3246.0,3128,1413.2349999999972
24,WEAgent8,FEMALE_YOUNG,447,447.0,0,0.0
24,WEAgent1,FEMALE,2017,2017.0,0,0.0
24,WEAgent2,MALE,1982,1982.0,2388,517.0
24,WEAgent0,YOUNG_LOW_INCOME,2289,2289.0,0,0.0
24,WEAgent5,OLD,1082,1082.0,1081,1081.6949999999906
24,WEAgent6,FEMALE,2017,2017.0,0,0.0
24,WEAgent3,FEMALE_OLD_LOW_INCOME,960,960.0,0,0.0
24,WEAgent4,FEMALE_OLD_LOW_INCOME,960,960.0,0,0.0
24,SIAgent1,FEMALE,1008,1008.0,709,64.0
24,SIAgent2,FEMALE_YOUNG_HIGH_INCOME,51,51.0,51,51.0
24,SIAgent0,MALE_HIGH_INCOME,530,530.0,16,0.0
24,WEAgent21,FEMALE_HIGH_INCOME,265,265.0,0,0.0
24,WEAgent22,FEMALE_LOW_INCOME,2628,2628.0,2627,2627.6479999999865
24,WEAgent20,MALE_YOUNG,941,941.0,0,0.0
25,WEAgent18,MALE,1982,1982.0,1934,1421.6499999999883
25,WEAgent19,MALE_YOUNG_HIGH_INCOME,310,310.0,0,0.0
25,WEAgent16,YOUNG,1835,1835.0,828,828.8279999999874
25,WEAgent17,MALE_YOUNG_LOW_INCOME,1101,1101.0,0,0.0
25,WEAgent14,MALE_OLD_LOW_INCOME,1077,1077.0,0,0.0
25,WEAgent15,LOW_INCOME,1602,1602.0,0,0.0
25,WEAgent12,FEMALE_LOW_INCOME,1752,1752.0,2046,198.19800000000058
25,WEAgent13,MALE_YOUNG_HIGH_INCOME,206,206.0,0,0.0
25,WEAgent9,YOUNG,1835,1835.0,838,838.8379999999871
25,WEAgent10,OLD_HIGH_INCOME,243,243.0,0,0.0
25,WEAgent11,YOUNG_LOW_INCOME,1526,1526.0,0,0.0
25,WEAgent7,MALE_LOW_INCOME,2178,2178.0,0,0.0
25,WEAgent8,YOUNG_HIGH_INCOME,463,463.0,0,0.0
25,WEAgent1,FEMALE_OLD_HIGH_INCOME,81,81.0,0,0.0
25,WEAgent2,YOUNG,2753,2753.0,1496,1497.4959999999717
25,WEAgent0,FEMALE_YOUNG_HIGH_INCOME,102,102.0,0,0.0
25,WEAgent5,YOUNG,2753,2753.0,1428,1429.4279999999733
25,WEAgent6,OLD_HIGH_INCOME,243,243.0,0,0.0
25,WEAgent3,MALE_HIGH_INCOME,265,265.0,0,0.0
25,WEAgent4,MALE_HIGH_INCOME,530,530.0,0,0.0
25,SIAgent1,MALE_YOUNG_HIGH_INCOME,206,206.0,0,0.0
25,SIAgent2,MALE_YOUNG_LOW_INCOME,734,734.0,0,0.0
25,SIAgent0,HIGH_INCOME,795,795.0,32,0.0
25,WEAgent21,FEMALE_OLD_HIGH_INCOME,244,244.0,0,0.0
25,WEAgent22,FEMALE_OLD,561,561.0,560,560.1530000000005
25,WEAgent20,OLD_LOW_INCOME,839,839.0,838,838.8379999999871
26,WEAgent18,YOUNG,917,917.0,0,0.0
26,WEAgent19,FEMALE_YOUNG_HIGH_INCOME,102,102.0,0,0.0
26,WEAgent16,LOW_INCOME,1602,1602.0,1600,1601.3919999999741
26,WEAgent17,MALE_OLD_LOW_INCOME,718,718.0,0,0.0
26,WEAgent14,MALE_YOUNG_HIGH_INCOME,206,206.0,0,0.0
26,WEAgent15,MALE_YOUNG_HIGH_INCOME,103,103.0,0,0.0
26,WEAgent12,FEMALE_YOUNG_HIGH_INCOME,153,153.0,0,0.0
26,WEAgent13,OLD_HIGH_INCOME,243,243.0,0,0.0
26,WEAgent9,FEMALE_OLD,1684,1684.0,0,0.0
26,WEAgent10,FEMALE_YOUNG_LOW_INCOME,1188,1188.0,0,0.0
26,WEAgent11,MALE,991,991.0,960,555.5549999999938
26,WEAgent7,MALE_OLD,1561,1561.0,0,0.0
26,WEAgent8,FEMALE_LOW_INCOME,2628,2628.0,2627,2627.6479999999874
26,WEAgent1,HIGH_INCOME,795,795.0,858,443.1869999999998
26,WEAgent2,MALE_YOUNG,1411,1411.0,1363,1363.5869999999895
26,WEAgent0,FEMALE_YOUNG_HIGH_INCOME,153,153.0,0,0.0
26,WEAgent5,FEMALE,1008,1008.0,0,0.0
26,WEAgent6,OLD_LOW_INCOME,2517,2517.0,2519,1425.4239999999734
26,WEAgent3,YOUNG,917,917.0,0,0.0
26,WEAgent4,YOUNG_HIGH_INCOME,154,154.0,0,0.0
26,SIAgent1,MALE_OLD_LOW_INCOME,718,718.0,6,0.0
26,SIAgent2,YOUNG,917,917.0,60,15.0
26,SIAgent0,MALE_YOUNG,1411,1411.0,7,7.0
26,WEAgent21,MALE_LOW_INCOME,726,726.0,0,0.0
26,WEAgent22,FEMALE_OLD_HIGH_INCOME,81,81.0,0,0.0
26,WEAgent20,FEMALE_YOUNG,447,447.0,0,0.0
27,WEAgent18,FEMALE_YOUNG_LOW_INCOME,396,396.0,0,0.0
27,WEAgent19,MALE_HIGH_INCOME,265,265.0,264,264.26400000000064
27,WEAgent16,FEMALE_LOW_INCOME,1752,1752.0,1752,1752.0
27,WEAgent17,FEMALE_YOUNG,894,894.0,0,0.0
27,WEAgent14,FEMALE_YOUNG_LOW_INCOME,396,396.0,0,0.0
27,WEAgent15,OLD_HIGH_INCOME,486,486.0,485,485.077
27,WEAgent12,MALE_YOUNG_HIGH_INCOME,206,206.0,0,0.0
27,WEAgent13,MALE,1982,1982.0,0,0.0
27,WEAgent9,MALE_YOUNG_LOW_INCOME,367,367.0,366,366.3659999999982
27,WEAgent10,MALE,2973,2973.0,0,0.0
27,WEAgent11,LOW_INCOME,3204,3204.0,3269,371.3709999999981
27,WEAgent7,MALE_YOUNG,1411,1411.0,0,0.0
27,WEAgent8,MALE_OLD_LOW_INCOME,359,359.0,0,0.0
27,WEAgent1,MALE_LOW_INCOME,1452,1452.0,0,0.0
27,WEAgent2,FEMALE_YOUNG_HIGH_INCOME,102,102.0,0,0.0
27,WEAgent0,FEMALE_OLD,561,561.0,0,0.0
27,WEAgent5,MALE_OLD_HIGH_INCOME,161,161.0,0,0.0
27,WEAgent6,MALE_YOUNG_LOW_INCOME,1101,1101.0,0,0.0
27,WEAgent3,YOUNG,1835,1835.0,0,0.0
27,WEAgent4,MALE_YOUNG_HIGH_INCOME,310,310.0,309,309.18800000000056
27,SIAgent1,MALE_HIGH_INCOME,265,265.0,199,65.0
27,SIAgent2,FEMALE,3026,3026.0,3113,190.0
27,SIAgent0,OLD_HIGH_INCOME,243,243.0,243,243.0
27,WEAgent21,FEMALE_OLD_HIGH_INCOME,244,244.0,0,0.0
27,WEAgent22,MALE_OLD_HIGH_INCOME,484,484.0,0,0.0
27,WEAgent20,MALE_YOUNG_HIGH_INCOME,103,103.0,0,0.0
28,WEAgent18,FEMALE,1008,1008.0,994,994.750999999988
28,WEAgent19,MALE_HIGH_INCOME,530,530.0,0,0.0
28,WEAgent16,MALE_YOUNG_LOW_INCOME,734,734.0,0,0.0
28,WEAgent17,FEMALE_HIGH_INCOME,265,265.0,0,0.0
28,WEAgent14,FEMALE_HIGH_INCOME,397,397.0,0,0.0
28,WEAgent15,FEMALE_OLD_LOW_INCOME,960,960.0,0,0.0
28,WEAgent12,OLD,1082,1082.0,0,0.0
28,WEAgent13,OLD_HIGH_INCOME,243,243.0,0,0.0
28,WEAgent9,LOW_INCOME,3204,3204.0,1180,1181.1799999999791
28,WEAgent10,FEMALE_OLD_LOW_INCOME,480,480.0,0,0.0
28,WEAgent11,OLD,3246,3246.0,3194,642.234999999999
28,WEAgent7,MALE_OLD_LOW_INCOME,1077,1077.0,0,0.0
28,WEAgent8,YOUNG_LOW_INCOME,763,763.0,0,0.0
28,WEAgent1,OLD_LOW_INCOME,839,839.0,0,0.0
28,WEAgent2,LOW_INCOME,3204,3204.0,1191,1192.1909999999789
28,WEAgent0,LOW_INCOME,3204,3204.0,1229,1230.228999999978
28,WEAgent5,FEMALE_OLD,1684,1684.0,1683,1683.4779999999955
28,WEAgent6,FEMALE_OLD_LOW_INCOME,480,480.0,0,0.0
28,WEAgent3,FEMALE_YOUNG_LOW_INCOME,396,396.0,0,0.0
28,WEAgent4,FEMALE_HIGH_INCOME,265,265.0,0,0.0
28,SIAgent1,YOUNG_LOW_INCOME,1526,1526.0,0,0.0
28,SIAgent2,FEMALE,1008,1008.0,2,0.0
28,SIAgent0,FEMALE_HIGH_INCOME,397,397.0,1,1.0
28,WEAgent21,FEMALE_OLD_HIGH_INCOME,162,162.0,0,0.0
28,WEAgent22,FEMALE_OLD_HIGH_INCOME,162,162.0,0,0.0
28,WEAgent20,YOUNG,2753,2753.0,0,0.0
29,WEAgent18,FEMALE_HIGH_INCOME,397,397.0,0,0.0
29,WEAgent19,FEMALE,3026,3026.0,3009,790.7899999999883
29,WEAgent16,MALE_OLD_LOW_INCOME,718,718.0,0,0.0
29,WEAgent17,OLD_LOW_INCOME,1678,1678.0,0,0.0
29,WEAgent14,MALE_OLD_LOW_INCOME,718,718.0,0,0.0
29,WEAgent15,FEMALE_OLD,1684,1684.0,0,0.0
29,WEAgent12,OLD,3246,3246.0,3169,3169.234999999996
29,WEAgent13,FEMALE,1008,1008.0,0,0.0
29,WEAgent9,YOUNG_HIGH_INCOME,463,463.0,0,0.0
29,WEAgent10,FEMALE_LOW_INCOME,2628,2628.0,0,0.0
29,WEAgent11,FEMALE_YOUNG_LOW_INCOME,792,792.0,0,0.0
29,WEAgent7,YOUNG,2753,2753.0,0,0.0
29,WEAgent8,FEMALE_OLD_HIGH_INCOME,162,162.0,0,0.0
29,WEAgent1,YOUNG,2753,2753.0,0,0.0
29,WEAgent2,FEMALE_YOUNG_HIGH_INCOME,51,51.0,0,0.0
29,WEAgent0,MALE,2973,2973.0,0,0.0
29,WEAgent5,YOUNG_HIGH_INCOME,463,463.0,0,0.0
29,WEAgent6,MALE_YOUNG_LOW_INCOME,367,367.0,366,366.3659999999982
29,WEAgent3,MALE_YOUNG_HIGH_INCOME,103,103.0,0,0.0
29,WEAgent4,MALE_LOW_INCOME,1452,1452.0,0,0.0
29,SIAgent1,MALE_OLD_LOW_INCOME,718,718.0,31,31.0
29,SIAgent2,FEMALE_OLD,561,561.0,153,153.0
29,SIAgent0,OLD,1082,1082.0,158,158.0
29,WEAgent21,MALE,1982,1982.0,1992,381.38099999999787
29,WEAgent22,HIGH_INCOME,795,795.0,0,0.0
29,WEAgent20,FEMALE_OLD,1123,1123.0,1122,1122.6869999999908
30,WEAgent18,FEMALE_OLD_LOW_INCOME,960,960.0,0,0.0
30,WEAgent19,MALE_YOUNG,470,470.0,452,452.054
30,WEAgent16,FEMALE_LOW_INCOME,876,876.0,875,875.8749999999862
30,WEAgent17,OLD_LOW_INCOME,1678,1678.0,0,0.0
30,WEAgent14,OLD,3246,3246.0,1583,1584.5829999999696
30,WEAgent15,FEMALE_OLD_LOW_INCOME,1440,1440.0,0,0.0
30,WEAgent12,FEMALE_YOUNG_LOW_INCOME,792,792.0,0,0.0
30,WEAgent13,FEMALE_OLD_LOW_INCOME,1440,1440.0,0,0.0
30,WEAgent9,FEMALE_YOUNG,1341,1341.0,0,0.0
30,WEAgent10,MALE_YOUNG_HIGH_INCOME,206,206.0,0,0.0
30,WEAgent11,YOUNG_HIGH_INCOME,154,154.0,153,153.04700000000008
30,WEAgent7,MALE_HIGH_INCOME,795,795.0,0,0.0
30,WEAgent8,MALE_OLD,520,520.0,0,0.0
30,WEAgent1,FEMALE_YOUNG_HIGH_INCOME,153,153.0,0,0.0
30,WEAgent2,FEMALE_YOUNG_LOW_INCOME,1188,1188.0,0,0.0
30,WEAgent0,OLD,3246,3246.0,1651,1652.650999999968
30,WEAgent5,LOW_INCOME,4807,4807.0,5155,547.546999999994
30,WEAgent6,LOW_INCOME,1602,1602.0,0,0.0
30,WEAgent3,MALE_HIGH_INCOME,530,530.0,0,0.0
30,WEAgent4,MALE_OLD,520,520.0,0,0.0
30,SIAgent1,MALE_OLD_HIGH_INCOME,323,323.0,0,0.0
30,SIAgent2,YOUNG_HIGH_INCOME,463,463.0,131,0.0
30,SIAgent0,MALE_YOUNG_HIGH_INCOME,206,206.0,0,0.0
30,WEAgent21,FEMALE_OLD_HIGH_INCOME,81,81.0,0,0.0
30,WEAgent22,YOUNG,1835,1835.0,0,0.0
30,WEAgent20,MALE,991,991.0,0,0.0
31,WEAgent18,YOUNG_HIGH_INCOME,154,154.0,0,0.0
31,WEAgent19,MALE_YOUNG_LOW_INCOME,734,734.0,0,0.0
31,WEAgent16,MALE_OLD_LOW_INCOME,718,718.0,0,0.0
31,WEAgent17,FEMALE,3026,3026.0,1945,1946.944999999961
31,WEAgent14,YOUNG,917,917.0,0,0.0
31,WEAgent15,MALE_YOUNG,1411,1411.0,0,0.0
31,WEAgent12,MALE_HIGH_INCOME,530,530.0,519,519.2160000000007
31,WEAgent13,OLD_HIGH_INCOME,486,486.0,0,0.0
31,WEAgent9,YOUNG_HIGH_INCOME,309,309.0,0,0.0
31,WEAgent10,FEMALE_LOW_INCOME,876,876.0,0,0.0
31,WEAgent11,OLD_HIGH_INCOME,243,243.0,0,0.0
31,WEAgent7,MALE_OLD,1561,1561.0,0,0.0
31,WEAgent8,MALE,1982,1982.0,0,0.0
31,WEAgent1,FEMALE_OLD,561,561.0,560,560.5599999999937
31,WEAgent2,MALE_OLD_HIGH_INCOME,484,484.0,0,0.0
31,WEAgent0,MALE_OLD_HIGH_INCOME,161,161.0,0,0.0
31,WEAgent5,LOW_INCOME,4807,4807.0,4238,671.6709999999911
31,WEAgent6,HIGH_INCOME,795,795.0,794,794.2769999999966
31,WEAgent3,MALE_LOW_INCOME,726,726.0,0,0.0
31,WEAgent4,FEMALE,3026,3026.0,1929,1930.9289999999614
31,SIAgent1,HIGH_INCOME,397,397.0,15,0.0
31,SIAgent2,MALE_OLD_HIGH_INCOME,484,484.0,0,0.0
31,SIAgent0,MALE_OLD_HIGH_INCOME,323,323.0,0,0.0
31,WEAgent21,MALE_OLD_LOW_INCOME,359,359.0,0,0.0
31,WEAgent22,YOUNG_HIGH_INCOME,463,463.0,0,0.0
31,WEAgent20,MALE_OLD_LOW_INCOME,359,359.0,0,0.0
32,WEAgent18,LOW_INCOME,4807,4807.0,4751,4751.195999999996
32,WEAgent19,FEMALE_OLD_LOW_INCOME,480,480.0,0,0.0
32,WEAgent16,FEMALE_LOW_INCOME,2628,2628.0,0,0.0
32,WEAgent17,MALE_OLD_LOW_INCOME,1077,1077.0,0,0.0
32,WEAgent14,FEMALE_HIGH_INCOME,132,132.0,0,0.0
32,WEAgent15,MALE_LOW_INCOME,2178,2178.0,0,0.0
32,WEAgent12,FEMALE_YOUNG,447,447.0,439,190.19000000000054
32,WEAgent13,MALE_YOUNG_LOW_INCOME,1101,1101.0,0,0.0
32,WEAgent9,FEMALE_LOW_INCOME,1752,1752.0,0,0.0
32,WEAgent10,YOUNG_HIGH_INCOME,463,463.0,0,0.0
32,WEAgent11,YOUNG,1835,1835.0,0,0.0
32,WEAgent7,MALE_YOUNG,470,470.0,526,0.0
32,WEAgent8,MALE_HIGH_INCOME,795,795.0,0,0.0
32,WEAgent1,MALE_OLD_LOW_INCOME,718,718.0,0,0.0
32,WEAgent2,MALE_YOUNG_LOW_INCOME,1101,1101.0,0,0.0
32,WEAgent0,FEMALE_YOUNG_LOW_INCOME,1188,1188.0,0,0.0
32,WEAgent5,YOUNG,1835,1835.0,0,0.0
32,WEAgent6,MALE_LOW_INCOME,2178,2178.0,0,0.0
32,WEAgent3,FEMALE,2017,2017.0,0,0.0
32,WEAgent4,MALE_OLD_HIGH_INCOME,323,323.0,0,0.0
32,SIAgent1,OLD,3246,3246.0,2432,1224.0
32,SIAgent2,LOW_INCOME,4807,4807.0,1852,1206.0
32,SIAgent0,MALE_YOUNG_LOW_INCOME,1101,1101.0,0,0.0
32,WEAgent21,OLD,1082,1082.0,0,0.0
32,WEAgent22,FEMALE_HIGH_INCOME,132,132.0,0,0.0
32,WEAgent20,LOW_INCOME,1602,1602.0,0,0.0
33,WEAgent18,FEMALE_OLD_LOW_INCOME,960,960.0,0,0.0
33,WEAgent19,MALE_OLD_LOW_INCOME,1077,1077.0,0,0.0
33,WEAgent16,MALE_LOW_INCOME,1452,1452.0,0,0.0
33,WEAgent17,YOUNG_LOW_INCOME,1526,1526.0,0,0.0
33,WEAgent14,MALE_LOW_INCOME,726,726.0,0,0.0
33,WEAgent15,OLD_LOW_INCOME,2517,2517.0,0,0.0
33,WEAgent12,FEMALE_YOUNG_LOW_INCOME,792,792.0,0,0.0
33,WEAgent13,LOW_INCOME,3204,3204.0,1833,1834.8329999999637
33,WEAgent9,YOUNG_LOW_INCOME,2289,2289.0,0,0.0
33,WEAgent10,MALE_HIGH_INCOME,795,795.0,0,0.0
33,WEAgent11,YOUNG,2753,2753.0,0,0.0
33,WEAgent7,OLD,3246,3246.0,3270,1431.2349999999979
33,WEAgent8,FEMALE_OLD_HIGH_INCOME,244,244.0,0,0.0
33,WEAgent1,OLD_LOW_INCOME,839,839.0,0,0.0
33,WEAgent2,MALE_OLD_LOW_INCOME,359,359.0,0,0.0
33,WEAgent0,FEMALE_OLD_HIGH_INCOME,81,81.0,0,0.0
33,WEAgent5,FEMALE_OLD_LOW_INCOME,1440,1440.0,2156,246.2460000000008
33,WEAgent6,FEMALE_YOUNG_LOW_INCOME,792,792.0,0,0.0
33,WEAgent3,LOW_INCOME,3204,3204.0,1757,1758.7569999999655
33,WEAgent4,FEMALE_YOUNG,447,447.0,456,190.19000000000054
33,SIAgent1,OLD_HIGH_INCOME,243,243.0,0,0.0
33,SIAgent2,FEMALE_YOUNG_LOW_INCOME,792,792.0,0,0.0
33,SIAgent0,YOUNG_LOW_INCOME,1526,1526.0,0,0.0
33,WEAgent21,MALE_OLD_HIGH_INCOME,323,323.0,0,0.0
33,WEAgent22,FEMALE_OLD_LOW_INCOME,960,960.0,0,0.0
33,WEAgent20,FEMALE_OLD_HIGH_INCOME,244,244.0,0,0.0
34,WEAgent18,FEMALE_HIGH_INCOME,132,132.0,0,0.0
34,WEAgent19,MALE_YOUNG_HIGH_INCOME,103,103.0,0,0.0
34,WEAgent16,FEMALE_OLD,1684,1684.0,0,0.0
34,WEAgent17,MALE_YOUNG,1411,1411.0,0,0.0
34,WEAgent14,YOUNG,917,917.0,0,0.0
34,WEAgent15,OLD_LOW_INCOME,1678,1678.0,0,0.0
34,WEAgent12,MALE_YOUNG_LOW_INCOME,1101,1101.0,0,0.0
34,WEAgent13,FEMALE_LOW_INCOME,1752,1752.0,0,0.0
34,WEAgent9,MALE_OLD,1041,1041.0,0,0.0
34,WEAgent10,MALE_LOW_INCOME,726,726.0,0,0.0
34,WEAgent11,MALE_YOUNG,941,941.0,0,0.0
34,WEAgent7,FEMALE_YOUNG,1341,1341.0,0,0.0
34,WEAgent8,MALE,1982,1982.0,1976,771.4299999999947
34,WEAgent1,FEMALE_YOUNG_HIGH_INCOME,153,153.0,0,0.0
34,WEAgent2,FEMALE_OLD_LOW_INCOME,480,480.0,479,479.47899999999555
34,WEAgent0,MALE_OLD,1561,1561.0,0,0.0
34,WEAgent5,FEMALE_YOUNG,447,447.0,0,0.0
34,WEAgent6,YOUNG,917,917.0,0,0.0
34,WEAgent3,FEMALE,3026,3026.0,3053,1046.494999999994
34,WEAgent4,MALE_YOUNG_LOW_INCOME,367,367.0,366,366.3659999999982
34,SIAgent1,FEMALE_YOUNG_HIGH_INCOME,51,51.0,0,0.0
34,SIAgent2,HIGH_INCOME,397,397.0,397,397.0
34,SIAgent0,OLD,3246,3246.0,3729,400.0
34,WEAgent21,MALE_YOUNG_HIGH_INCOME,310,310.0,0,0.0
34,WEAgent22,OLD_LOW_INCOME,2517,2517.0,0,0.0
34,WEAgent20,MALE_OLD_HIGH_INCOME,161,161.0,0,0.0
35,WEAgent18,MALE_YOUNG_LOW_INCOME,1101,1101.0,0,0.0
35,WEAgent19,MALE_HIGH_INCOME,795,795.0,0,0.0
35,WEAgent16,MALE_YOUNG_HIGH_INCOME,310,310.0,0,0.0
35,WEAgent17,MALE_YOUNG_HIGH_INCOME,310,310.0,0,0.0
35,WEAgent14,FEMALE_YOUNG_HIGH_INCOME,51,51.0,221,0.0
35,WEAgent15,MALE_OLD,1561,1561.0,0,0.0
35,WEAgent12,FEMALE_LOW_INCOME,2628,2628.0,2627,2627.647999999993
35,WEAgent13,YOUNG_HIGH_INCOME,309,309.0,0,0.0
35,WEAgent9,FEMALE_HIGH_INCOME,397,397.0,0,0.0
35,WEAgent10,FEMALE_YOUNG,1341,1341.0,0,0.0
35,WEAgent11,MALE,2973,2973.0,2884,1444.1269999999997
35,WEAgent7,YOUNG_LOW_INCOME,1526,1526.0,0,0.0
35,WEAgent8,FEMALE_OLD,1684,1684.0,1742,634.6339999999919
35,WEAgent1,FEMALE_OLD_HIGH_INCOME,162,162.0,0,0.0
35,WEAgent2,FEMALE_OLD_HIGH_INCOME,81,81.0,0,0.0
35,WEAgent0,MALE_OLD_LOW_INCOME,718,718.0,0,0.0
35,WEAgent5,YOUNG_HIGH_INCOME,463,463.0,0,0.0
35,WEAgent6,MALE_YOUNG,470,470.0,469,469.4689999999958
35,WEAgent3,HIGH_INCOME,397,397.0,0,0.0
35,WEAgent4,MALE_OLD,1041,1041.0,0,0.0
35,SIAgent1,YOUNG_LOW_INCOME,1526,1526.0,449,0.0
35,SIAgent2,MALE_HIGH_INCOME,265,265.0,8,0.0
35,SIAgent0,MALE_OLD_HIGH_INCOME,484,484.0,0,0.0
35,WEAgent21,LOW_INCOME,1602,1602.0,1600,1601.0439999999821
35,WEAgent22,FEMALE_YOUNG,894,894.0,0,0.0
35,WEAgent20,OLD_HIGH_INCOME,243,243.0,0,0.0
36,WEAgent18,OLD_LOW_INCOME,2517,2517.0,1671,1672.6709999999675
36,WEAgent19,MALE_LOW_INCOME,726,726.0,0,0.0
36,WEAgent16,OLD,2164,2164.0,0,0.0
36,WEAgent17,YOUNG_HIGH_INCOME,154,154.0,0,0.0
36,WEAgent14,FEMALE_YOUNG,894,894.0,0,0.0
36,WEAgent15,YOUNG_LOW_INCOME,2289,2289.0,0,0.0
36,WEAgent12,MALE_HIGH_INCOME,795,795.0,274,274.2740000000004
36,WEAgent13,FEMALE_OLD_LOW_INCOME,960,960.0,0,0.0
36,WEAgent9,OLD_LOW_INCOME,2517,2517.0,1580,1581.5799999999697
36,WEAgent10,MALE_OLD_HIGH_INCOME,323,323.0,0,0.0
36,WEAgent11,LOW_INCOME,1602,1602.0,0,0.0
36,WEAgent7,OLD,2164,2164.0,0,0.0
36,WEAgent8,FEMALE_LOW_INCOME,2628,2628.0,2640,938.9379999999848
36,WEAgent1,HIGH_INCOME,795,795.0,684,259.25900000000075
36,WEAgent2,YOUNG_LOW_INCOME,2289,2289.0,0,0.0
36,WEAgent0,FEMALE_YOUNG_LOW_INCOME,792,792.0,0,0.0
36,WEAgent5,MALE_OLD,520,520.0,429,429.42899999999673
36,WEAgent6,OLD_HIGH_INCOME,486,486.0,0,0.0
36,WEAgent3,YOUNG,2753,2753.0,2709,2458.1429999999987
36,WEAgent4,OLD_HIGH_INCOME,729,729.0,0,0.0
36,SIAgent1,MALE_OLD_HIGH_INCOME,484,484.0,0,0.0
36,SIAgent2,MALE_YOUNG_LOW_INCOME,367,367.0,0,0.0
36,SIAgent0,MALE_HIGH_INCOME,530,530.0,13,0.0
36,WEAgent21,MALE_OLD_HIGH_INCOME,161,161.0,0,0.0
36,WEAgent22,YOUNG,917,917.0,0,0.0
36,WEAgent20,HIGH_INCOME,397,397.0,0,0.0
37,WEAgent18,OLD_HIGH_INCOME,486,486.0,0,0.0
37,WEAgent19,MALE_OLD_HIGH_INCOME,323,323.0,0,0.0
37,WEAgent16,OLD_HIGH_INCOME,243,243.0,0,0.0
37,WEAgent17,FEMALE_YOUNG_LOW_INCOME,792,792.0,0,0.0
37,WEAgent14,FEMALE_YOUNG_LOW_INCOME,792,792.0,0,0.0
37,WEAgent15,MALE_HIGH_INCOME,795,795.0,0,0.0
37,WEAgent12,FEMALE,1008,1008.0,0,0.0
37,WEAgent13,OLD_HIGH_INCOME,729,729.0,0,0.0
37,WEAgent9,YOUNG,2753,2753.0,0,0.0
37,WEAgent10,OLD,2164,2164.0,2057,2057.237000000001
37,WEAgent11,FEMALE,1008,1008.0,0,0.0
37,WEAgent7,MALE_OLD,1041,1041.0,0,0.0
37,WEAgent8,FEMALE_OLD,1123,1123.0,0,0.0
37,WEAgent1,MALE_OLD_HIGH_INCOME,161,161.0,0,0.0
37,WEAgent2,OLD,1082,1082.0,0,0.0
37,WEAgent0,FEMALE_OLD,1684,1684.0,0,0.0
37,WEAgent5,MALE_LOW_INCOME,1452,1452.0,0,0.0
37,WEAgent6,FEMALE_OLD,1123,1123.0,0,0.0
37,WEAgent3,OLD,3246,3246.0,3235,2830.234999999997
37,WEAgent4,MALE_OLD_HIGH_INCOME,161,161.0,0,0.0
37,SIAgent1,LOW_INCOME,3204,3204.0,2970,959.0
37,SIAgent2,OLD_LOW_INCOME,839,839.0,0,0.0
37,SIAgent0,MALE,1982,1982.0,1177,945.0
37,WEAgent21,MALE_YOUNG_HIGH_INCOME,310,310.0,310,310.0
37,WEAgent22,MALE_OLD_HIGH_INCOME,484,484.0,0,0.0
37,WEAgent20,MALE_HIGH_INCOME,795,795.0,0,0.0
38,WEAgent18,OLD_LOW_INCOME,1678,1678.0,0,0.0
38,WEAgent19,MALE,2973,2973.0,0,0.0
38,WEAgent16,FEMALE_YOUNG_LOW_INCOME,792,792.0,0,0.0
38,WEAgent17,HIGH_INCOME,397,397.0,0,0.0
38,WEAgent14,FEMALE_OLD_HIGH_INCOME,81,81.0,0,0.0
38,WEAgent15,FEMALE_OLD_HIGH_INCOME,81,81.0,0,0.0
38,WEAgent12,MALE_OLD_LOW_INCOME,1077,1077.0,0,0.0
38,WEAgent13,MALE_LOW_INCOME,726,726.0,0,0.0
38,WEAgent9,YOUNG_HIGH_INCOME,309,309.0,0,0.0
38,WEAgent10,OLD_LOW_INCOME,1678,1678.0,0,0.0
38,WEAgent11,HIGH_INCOME,1192,1192.0,1316,1014.2559999999962
38,WEAgent7,YOUNG_HIGH_INCOME,154,154.0,0,0.0
38,WEAgent8,MALE_HIGH_INCOME,265,265.0,264,264.26400000000064
38,WEAgent1,FEMALE_YOUNG_LOW_INCOME,1188,1188.0,0,0.0
38,WEAgent2,FEMALE_OLD,1684,1684.0,983,983.9829999999837
38,WEAgent0,OLD_HIGH_INCOME,243,243.0,0,0.0
38,WEAgent5,MALE_OLD,520,520.0,0,0.0
38,WEAgent6,FEMALE_OLD,1684,1684.0,1018,1019.0179999999829
38,WEAgent3,FEMALE_HIGH_INCOME,265,265.0,0,0.0
38,WEAgent4,FEMALE_LOW_INCOME,1752,1752.0,1621,1622.6209999999687
38,SIAgent1,LOW_INCOME,1602,1602.0,14,8.0
38,SIAgent2,FEMALE_YOUNG,447,447.0,0,0.0
38,SIAgent0,MALE_YOUNG,1411,1411.0,8,8.0
38,WEAgent21,FEMALE_YOUNG,894,894.0,0,0.0
38,WEAgent22,MALE_OLD_LOW_INCOME,359,359.0,0,0.0
38,WEAgent20,LOW_INCOME,4807,4807.0,4776,4776.769000000065
39,WEAgent18,FEMALE_OLD_LOW_INCOME,480,480.0,479,479.47899999999555
39,WEAgent19,OLD_LOW_INCOME,839,839.0,0,0.0
39,WEAgent16,MALE_LOW_INCOME,2178,2178.0,0,0.0
39,WEAgent17,FEMALE_OLD_LOW_INCOME,1440,1440.0,1458,473.4729999999957
39,WEAgent14,MALE_YOUNG,941,941.0,0,0.0
39,WEAgent15,YOUNG_LOW_INCOME,2289,2289.0,2280,2280.452999999992
39,WEAgent12,OLD_HIGH_INCOME,729,729.0,0,0.0
39,WEAgent13,FEMALE_OLD,561,561.0,0,0.0
39,WEAgent9,FEMALE_YOUNG_LOW_INCOME,1188,1188.0,0,0.0
39,WEAgent10,FEMALE,2017,2017.0,2076,956.6999999999892
39,WEAgent11,FEMALE_YOUNG_LOW_INCOME,1188,1188.0,0,0.0
39,WEAgent7,MALE_OLD_HIGH_INCOME,484,484.0,0,0.0
39,WEAgent8,OLD,3246,3246.0,3190,3190.2349999999956
39,WEAgent1,OLD,1082,1082.0,0,0.0
39,WEAgent2,FEMALE,1008,1008.0,0,0.0
39,WEAgent0,YOUNG_HIGH_INCOME,309,309.0,309,309.0
39,WEAgent5,FEMALE_YOUNG,1341,1341.0,0,0.0
39,WEAgent6,OLD,1082,1082.0,0,0.0
39,WEAgent3,FEMALE_OLD_HIGH_INCOME,81,81.0,0,0.0
39,WEAgent4,MALE_OLD_LOW_INCOME,718,718.0,0,0.0
39,SIAgent1,FEMALE_YOUNG_HIGH_INCOME,153,153.0,32,0.0
39,SIAgent2,FEMALE_OLD_HIGH_INCOME,162,162.0,1,0.0
39,SIAgent0,MALE,991,991.0,175,0.0
39,WEAgent21,MALE_OLD_HIGH_INCOME,161,161.0,0,0.0
39,WEAgent22,FEMALE_HIGH_INCOME,132,132.0,0,0.0
39,WEAgent20,MALE_OLD,1561,1561.0,0,0.0
40,WEAgent18,FEMALE_YOUNG_HIGH_INCOME,153,153.0,0,0.0
40,WEAgent19,MALE_OLD,1561,1561.0,0,0.0
40,WEAgent16,MALE_OLD_HIGH_INCOME,161,161.0,0,0.0
40,WEAgent17,FEMALE_YOUNG_LOW_INCOME,1188,1188.0,0,0.0
40,WEAgent14,YOUNG_HIGH_INCOME,463,463.0,227,227.22700000000071
40,WEAgent15,FEMALE_LOW_INCOME,876,876.0,0,0.0
40,WEAgent12,FEMALE_LOW_INCOME,876,876.0,0,0.0
40,WEAgent13,YOUNG_HIGH_INCOME,463,463.0,202,202.2020000000006
40,WEAgent9,FEMALE_LOW_INCOME,2628,2628.0,2627,2627.6479999999865
40,WEAgent10,FEMALE_YOUNG_HIGH_INCOME,51,51.0,0,0.0
40,WEAgent11,MALE_YOUNG,1411,1411.0,0,0.0
40,WEAgent7,FEMALE_OLD,561,561.0,0,0.0
40,WEAgent8,MALE_YOUNG,1411,1411.0,0,0.0
40,WEAgent1,MALE_OLD_LOW_INCOME,1077,1077.0,0,0.0
40,WEAgent2,OLD,1082,1082.0,1499,670.6699999999911
40,WEAgent0,YOUNG_HIGH_INCOME,463,463.0,218,218.21800000000067
40,WEAgent5,FEMALE_HIGH_INCOME,265,265.0,0,0.0
40,WEAgent6,MALE_LOW_INCOME,1452,1452.0,1808,0.0
40,WEAgent3,OLD,3246,3246.0,3232,1043.234999999997
40,WEAgent4,MALE_OLD_HIGH_INCOME,484,484.0,0,0.0
40,SIAgent1,MALE_OLD_HIGH_INCOME,484,484.0,52,0.0
40,SIAgent2,FEMALE_YOUNG_LOW_INCOME,792,792.0,1,1.0
40,SIAgent0,FEMALE_YOUNG_LOW_INCOME,792,792.0,6,6.0
40,WEAgent21,MALE_YOUNG_LOW_INCOME,1101,1101.0,0,0.0
40,WEAgent22,YOUNG_HIGH_INCOME,154,154.0,128,128.12800000000024
40,WEAgent20,MALE_LOW_INCOME,726,726.0,0,0.0
41,WEAgent18,FEMALE_YOUNG,894,894.0,0,0.0
41,WEAgent19,FEMALE_OLD_HIGH_INCOME,162,162.0,0,0.0
41,WEAgent16,MALE_YOUNG_LOW_INCOME,734,734.0,0,0.0
41,WEAgent17,YOUNG,1835,1835.0,0,0.0
41,WEAgent14,MALE_HIGH_INCOME,265,265.0,0,0.0
41,WEAgent15,FEMALE_HIGH_INCOME,265,265.0,0,0.0
41,WEAgent12,FEMALE_HIGH_INCOME,132,132.0,0,0.0
41,WEAgent13,OLD_HIGH_INCOME,486,486.0,313,313.3129999999995
41,WEAgent9,FEMALE_YOUNG_LOW_INCOME,792,792.0,0,0.0
41,WEAgent10,FEMALE_OLD_LOW_INCOME,960,960.0,0,0.0
41,WEAgent11,MALE_LOW_INCOME,1452,1452.0,0,0.0
41,WEAgent7,LOW_INCOME,4807,4807.0,4777,3002.801999999998
41,WEAgent8,OLD_LOW_INCOME,2517,2517.0,0,0.0
41,WEAgent1,FEMALE,2017,2017.0,0,0.0
41,WEAgent2,MALE_LOW_INCOME,1452,1452.0,0,0.0
41,WEAgent0,OLD_HIGH_INCOME,486,486.0,274,274.2740000000004
41,WEAgent5,FEMALE_YOUNG,894,894.0,0,0.0
41,WEAgent6,FEMALE,3026,3026.0,3011,3011.80400000005
41,WEAgent3,MALE_OLD_HIGH_INCOME,484,484.0,0,0.0
41,WEAgent4,MALE_YOUNG_LOW_INCOME,367,367.0,0,0.0
41,SIAgent1,OLD_HIGH_INCOME,729,729.0,0,0.0
41,SIAgent2,FEMALE_LOW_INCOME,2628,2628.0,816,14.0
41,SIAgent0,YOUNG,917,917.0,15,8.0
41,WEAgent21,HIGH_INCOME,795,795.0,794,794.2769999999962
41,WEAgent22,YOUNG,917,917.0,0,0.0
41,WEAgent20,OLD_LOW_INCOME,1678,1678.0,0,0.0
42,WEAgent18,MALE,2973,2973.0,0,0.0
42,WEAgent19,FEMALE_HIGH_INCOME,397,397.0,0,0.0
42,WEAgent16,FEMALE_OLD_HIGH_INCOME,244,244.0,0,0.0
42,WEAgent17,FEMALE_YOUNG_HIGH_INCOME,51,51.0,0,0.0
42,WEAgent14,MALE_LOW_INCOME,726,726.0,0,0.0
42,WEAgent15,FEMALE_LOW_INCOME,876,876.0,875,875.8749999999862
42,WEAgent12,MALE_YOUNG_HIGH_INCOME,103,103.0,0,0.0
42,WEAgent13,YOUNG_HIGH_INCOME,463,463.0,463,463.0
42,WEAgent9,MALE_YOUNG_LOW_INCOME,734,734.0,0,0.0
42,WEAgent10,FEMALE_YOUNG_HIGH_INCOME,51,51.0,0,0.0
42,WEAgent11,YOUNG_LOW_INCOME,2289,2289.0,0,0.0
42,WEAgent7,FEMALE_YOUNG,894,894.0,0,0.0
42,WEAgent8,MALE_YOUNG_LOW_INCOME,1101,1101.0,0,0.0
42,WEAgent1,YOUNG_LOW_INCOME,2289,2289.0,0,0.0
42,WEAgent2,FEMALE,1008,1008.0,1004,752.7519999999892
42,WEAgent0,YOUNG,917,917.0,0,0.0
42,WEAgent5,FEMALE_YOUNG_LOW_INCOME,792,792.0,0,0.0
42,WEAgent6,LOW_INCOME,4807,4807.0,4792,2600.765999999996
42,WEAgent3,OLD,1082,1082.0,1070,273.2730000000004
42,WEAgent4,FEMALE_OLD,1684,1684.0,1725,1227.838999999985
42,SIAgent1,FEMALE_OLD_HIGH_INCOME,244,244.0,0,0.0
42,SIAgent2,MALE_YOUNG_LOW_INCOME,734,734.0,0,0.0
42,SIAgent0,MALE_YOUNG_HIGH_INCOME,310,310.0,71,0.0
42,WEAgent21,MALE_OLD_LOW_INCOME,718,718.0,0,0.0
42,WEAgent22,HIGH_INCOME,795,795.0,0,0.0
42,WEAgent20,FEMALE_YOUNG_LOW_INCOME,792,792.0,0,0.0
43,WEAgent18,MALE_HIGH_INCOME,795,795.0,0,0.0
43,WEAgent19,OLD,1082,1082.0,1076,1076.1300000000006
43,WEAgent16,YOUNG_HIGH_INCOME,463,463.0,0,0.0
43,WEAgent17,YOUNG_HIGH_INCOME,309,309.0,0,0.0
43,WEAgent14,MALE_HIGH_INCOME,795,795.0,0,0.0
43,WEAgent15,FEMALE_OLD_LOW_INCOME,1440,1440.0,1219,1220.2189999999782
43,WEAgent12,MALE_OLD,1041,1041.0,711,711.7109999999901
43,WEAgent13,FEMALE_OLD_HIGH_INCOME,81,81.0,0,0.0
43,WEAgent9,FEMALE_OLD_HIGH_INCOME,81,81.0,0,0.0
43,WEAgent10,MALE_OLD_LOW_INCOME,718,718.0,607,607.6069999999926
43,WEAgent11,HIGH_INCOME,397,397.0,0,0.0
43,WEAgent7,YOUNG,2753,2753.0,2723,2481.1429999999987
43,WEAgent8,MALE_OLD_LOW_INCOME,718,718.0,589,589.588999999993
43,WEAgent1,FEMALE_OLD_LOW_INCOME,1440,1440.0,1221,1222.2209999999782
43,WEAgent2,MALE_OLD,520,520.0,0,0.0
43,WEAgent0,MALE_YOUNG,941,941.0,0,0.0
43,WEAgent5,YOUNG_HIGH_INCOME,463,463.0,0,0.0
43,WEAgent6,MALE_HIGH_INCOME,795,795.0,0,0.0
43,WEAgent3,OLD_HIGH_INCOME,729,729.0,0,0.0
43,WEAgent4,YOUNG,1835,1835.0,1829,1829.121
43,SIAgent1,MALE_YOUNG,941,941.0,0,0.0
43,SIAgent2,FEMALE_YOUNG_LOW_INCOME,1188,1188.0,0,0.0
43,SIAgent0,OLD_HIGH_INCOME,486,486.0,25,0.0
43,WEAgent21,MALE_OLD_LOW_INCOME,359,359.0,0,0.0
43,WEAgent22,MALE_HIGH_INCOME,795,795.0,0,0.0
43,WEAgent20,FEMALE_YOUNG_HIGH_INCOME,102,102.0,0,0.0
44,WEAgent18,FEMALE_YOUNG_LOW_INCOME,1188,1188.0,0,0.0
44,WEAgent19,OLD_HIGH_INCOME,243,243.0,0,0.0
44,WEAgent16,MALE_YOUNG_HIGH_INCOME,206,206.0,0,0.0
44,WEAgent17,FEMALE_LOW_INCOME,1752,1752.0,0,0.0
44,WEAgent14,MALE_OLD,520,520.0,0,0.0
44,WEAgent15,FEMALE,2017,2017.0,2050,419.41899999999697
44,WEAgent12,FEMALE,3026,3026.0,3099,383.3829999999978
44,WEAgent13,OLD_HIGH_INCOME,243,243.0,0,0.0
44,WEAgent9,MALE_YOUNG_LOW_INCOME,367,367.0,0,0.0
44,WEAgent10,MALE_OLD_LOW_INCOME,1077,1077.0,0,0.0
44,WEAgent11,YOUNG,1835,1835.0,1804,1804.4189999999946
44,WEAgent7,YOUNG,2753,2753.0,0,0.0
44,WEAgent8,OLD_HIGH_INCOME,729,729.0,0,0.0
44,WEAgent1,OLD,1082,1082.0,0,0.0
44,WEAgent2,FEMALE_YOUNG_HIGH_INCOME,51,51.0,0,0.0
44,WEAgent0,HIGH_INCOME,397,397.0,0,0.0
44,WEAgent5,MALE_YOUNG,470,470.0,469,469.4689999999958
44,WEAgent6,FEMALE_YOUNG,894,894.0,0,0.0
44,WEAgent3,OLD_LOW_INCOME,1678,1678.0,1677,1677.001
44,WEAgent4,MALE_HIGH_INCOME,795,795.0,394,394.39399999999756
44,SIAgent1,MALE_YOUNG,941,941.0,15,0.0
44,SIAgent2,MALE_OLD,1041,1041.0,105,0.0
44,SIAgent0,MALE_HIGH_INCOME,795,795.0,0,0.0
44,WEAgent21,OLD_HIGH_INCOME,486,486.0,0,0.0
44,WEAgent22,MALE_HIGH_INCOME,530,530.0,0,0.0
44,WEAgent20,MALE_HIGH_INCOME,795,795.0,387,387.3869999999977
45,WEAgent18,MALE_YOUNG_HIGH_INCOME,103,103.0,102,102.10200000000012
45,WEAgent19,FEMALE_OLD_HIGH_INCOME,244,244.0,0,0.0
45,WEAgent16,MALE_OLD_LOW_INCOME,1077,1077.0,0,0.0
45,WEAgent17,MALE_YOUNG_HIGH_INCOME,206,206.0,448,117.11700000000019
45,WEAgent14,FEMALE_LOW_INCOME,2628,2628.0,2373,2373.8169999999877
45,WEAgent15,FEMALE_OLD_LOW_INCOME,1440,1440.0,0,0.0
45,WEAgent12,FEMALE_HIGH_INCOME,265,265.0,0,0.0
45,WEAgent13,MALE_LOW_INCOME,1452,1452.0,0,0.0
45,WEAgent9,FEMALE_YOUNG_LOW_INCOME,1188,1188.0,0,0.0
45,WEAgent10,FEMALE_OLD_HIGH_INCOME,162,162.0,0,0.0
45,WEAgent11,FEMALE_YOUNG,894,894.0,0,0.0
45,WEAgent7,FEMALE_OLD_HIGH_INCOME,244,244.0,0,0.0
45,WEAgent8,FEMALE_OLD,1684,1684.0,0,0.0
45,WEAgent1,LOW_INCOME,3204,3204.0,3162,3162.6389999999874
45,WEAgent2,OLD,3246,3246.0,1209,1210.2089999999785
45,WEAgent0,OLD,3246,3246.0,1247,1248.2469999999776
45,WEAgent5,MALE_YOUNG_LOW_INCOME,734,734.0,0,0.0
45,WEAgent6,FEMALE_YOUNG_HIGH_INCOME,102,102.0,238,0.0
45,WEAgent3,MALE_YOUNG_LOW_INCOME,734,734.0,0,0.0
45,WEAgent4,OLD,3246,3246.0,1221,1222.2209999999782
45,SIAgent1,FEMALE_YOUNG_LOW_INCOME,792,792.0,0,0.0
45,SIAgent2,FEMALE_OLD_LOW_INCOME,1440,1440.0,0,0.0
45,SIAgent0,YOUNG_LOW_INCOME,2289,2289.0,0,0.0
45,WEAgent21,MALE_OLD_LOW_INCOME,718,718.0,0,0.0
45,WEAgent22,MALE_OLD_HIGH_INCOME,161,161.0,0,0.0
45,WEAgent20,MALE_YOUNG_LOW_INCOME,367,367.0,0,0.0
46,WEAgent18,FEMALE_OLD_LOW_INCOME,1440,1440.0,0,0.0
46,WEAgent19,YOUNG_HIGH_INCOME,463,463.0,463,463.0
46,WEAgent16,MALE_OLD,1041,1041.0,1040,1040.2319999999982
46,WEAgent17,MALE_YOUNG_LOW_INCOME,367,367.0,0,0.0
46,WEAgent14,FEMALE,1008,1008.0,0,0.0
46,WEAgent15,FEMALE_OLD_LOW_INCOME,480,480.0,0,0.0
46,WEAgent12,FEMALE_OLD_LOW_INCOME,1440,1440.0,0,0.0
46,WEAgent13,FEMALE_OLD,1684,1684.0,1613,1614.1379999999783
46,WEAgent9,MALE_YOUNG_LOW_INCOME,367,367.0,0,0.0
46,WEAgent10,MALE_OLD_LOW_INCOME,718,718.0,1608,243.2430000000008
46,WEAgent11,MALE_HIGH_INCOME,530,530.0,0,0.0
46,WEAgent7,MALE_YOUNG_LOW_INCOME,734,734.0,0,0.0
46,WEAgent8,FEMALE_OLD_HIGH_INCOME,162,162.0,0,0.0
46,WEAgent1,FEMALE_YOUNG,1341,1341.0,1341,1341.0
46,WEAgent2,MALE_HIGH_INCOME,795,795.0,0,0.0
46,WEAgent0,FEMALE_HIGH_INCOME,397,397.0,0,0.0
46,WEAgent5,YOUNG_LOW_INCOME,1526,1526.0,1835,0.0
46,WEAgent6,MALE_OLD_HIGH_INCOME,323,323.0,0,0.0
46,WEAgent3,FEMALE_OLD,1123,1123.0,1121,1122.1209999999805
46,WEAgent4,HIGH_INCOME,795,795.0,0,0.0
46,SIAgent1,MALE_YOUNG_HIGH_INCOME,206,206.0,13,13.0
46,SIAgent2,MALE_HIGH_INCOME,530,530.0,54,10.0
46,SIAgent0,FEMALE,1008,1008.0,912,0.0
46,WEAgent21,OLD_HIGH_INCOME,243,243.0,0,0.0
46,WEAgent22,MALE_OLD_HIGH_INCOME,323,323.0,0,0.0
46,WEAgent20,FEMALE_HIGH_INCOME,265,265.0,0,0.0
47,WEAgent18,MALE_HIGH_INCOME,795,795.0,538,538.5379999999942
47,WEAgent19,YOUNG_LOW_INCOME,1526,1526.0,0,0.0
47,WEAgent16,FEMALE_OLD_HIGH_INCOME,81,81.0,80,80.08000000000001
47,WEAgent17,YOUNG_HIGH_INCOME,154,154.0,80,80.08000000000001
47,WEAgent14,FEMALE_YOUNG_LOW_INCOME,396,396.0,0,0.0
47,WEAgent15,YOUNG,2753,2753.0,0,0.0
47,WEAgent12,MALE_OLD,1561,1561.0,0,0.0
47,WEAgent13,YOUNG_HIGH_INCOME,154,154.0,76,76.076
47,WEAgent9,MALE_OLD_HIGH_INCOME,484,484.0,296,295.2949999999999
47,WEAgent10,LOW_INCOME,4807,4807.0,4748,2980.0
47,WEAgent11,FEMALE_YOUNG,447,447.0,0,0.0
47,WEAgent7,FEMALE_YOUNG,1341,1341.0,0,0.0
47,WEAgent8,FEMALE_YOUNG,447,447.0,0,0.0
47,WEAgent1,YOUNG,2753,2753.0,0,0.0
47,WEAgent2,FEMALE_YOUNG,1341,1341.0,0,0.0
47,WEAgent0,FEMALE_OLD_HIGH_INCOME,162,162.0,191,147.14700000000033
47,WEAgent5,YOUNG_HIGH_INCOME,154,154.0,79,79.07900000000001
47,WEAgent6,MALE_YOUNG_LOW_INCOME,1101,1101.0,0,0.0
47,WEAgent3,MALE_YOUNG_HIGH_INCOME,206,206.0,0,0.0
47,WEAgent4,MALE_LOW_INCOME,1452,1452.0,0,0.0
47,SIAgent1,YOUNG_LOW_INCOME,2289,2289.0,397,397.0
47,SIAgent2,FEMALE_YOUNG_HIGH_INCOME,51,51.0,0,0.0
47,SIAgent0,FEMALE_LOW_INCOME,2628,2628.0,2823,397.0
47,WEAgent21,YOUNG_HIGH_INCOME,309,309.0,0,0.0
47,WEAgent22,FEMALE_OLD_HIGH_INCOME,162,162.0,161,161.1610000000004
47,WEAgent20,MALE_HIGH_INCOME,795,795.0,531,531.5309999999944
48,WEAgent18,FEMALE_OLD,1123,1123.0,0,0.0
48,WEAgent19,YOUNG_HIGH_INCOME,309,309.0,0,0.0
48,WEAgent16,MALE_YOUNG,1411,1411.0,0,0.0
48,WEAgent17,FEMALE_LOW_INCOME,2628,2628.0,2627,2627.8179999999875
48,WEAgent14,FEMALE,1008,1008.0,0,0.0
48,WEAgent15,LOW_INCOME,3204,3204.0,3314,611.6109999999925
48,WEAgent12,YOUNG,1835,1835.0,0,0.0
48,WEAgent13,MALE,1982,1982.0,0,0.0
48,WEAgent9,FEMALE_YOUNG,1341,1341.0,0,0.0
48,WEAgent10,MALE_OLD_HIGH_INCOME,161,161.0,0,0.0
48,WEAgent11,FEMALE_HIGH_INCOME,397,397.0,0,0.0
48,WEAgent7,MALE_HIGH_INCOME,530,530.0,0,0.0
48,WEAgent8,OLD_HIGH_INCOME,486,486.0,0,0.0
48,WEAgent1,FEMALE,2017,2017.0,0,0.0
48,WEAgent2,FEMALE_HIGH_INCOME,265,265.0,0,0.0
48,WEAgent0,OLD,3246,3246.0,3168,3168.234999999996
48,WEAgent5,MALE_OLD_HIGH_INCOME,484,484.0,0,0.0
48,WEAgent6,MALE_OLD_LOW_INCOME,1077,1077.0,0,0.0
48,WEAgent3,FEMALE_YOUNG_LOW_INCOME,1188,1188.0,0,0.0
48,WEAgent4,MALE_YOUNG,470,470.0,524,0.0
48,SIAgent1,MALE_OLD,1041,1041.0,7,0.0
48,SIAgent2,FEMALE_HIGH_INCOME,132,132.0,256,0.0
48,SIAgent0,OLD_LOW_INCOME,2517,2517.0,104,0.0
48,WEAgent21,FEMALE,1008,1008.0,0,0.0
48,WEAgent22,HIGH_INCOME,1192,1192.0,0,0.0
48,WEAgent20,FEMALE_OLD_LOW_INCOME,480,480.0,0,0.0
49,WEAgent18,FEMALE,2017,2017.0,1988,1989.3539999999734
49,WEAgent19,MALE_OLD,520,520.0,662,151.15100000000035
49,WEAgent16,MALE,1982,1982.0,0,0.0
49,WEAgent17,FEMALE_YOUNG_HIGH_INCOME,153,153.0,0,0.0
49,WEAgent14,MALE_LOW_INCOME,726,726.0,0,0.0
49,WEAgent15,YOUNG_HIGH_INCOME,154,154.0,0,0.0
49,WEAgent12,MALE_YOUNG_HIGH_INCOME,310,310.0,0,0.0
49,WEAgent13,MALE_OLD_HIGH_INCOME,161,161.0,160,160.1600000000004
49,WEAgent9,FEMALE_OLD_LOW_INCOME,480,480.0,0,0.0
49,WEAgent10,FEMALE_OLD,561,561.0,0,0.0
49,WEAgent11,YOUNG_HIGH_INCOME,463,463.0,0,0.0
49,WEAgent7,MALE_YOUNG,470,470.0,470,470.0
49,WEAgent8,MALE_YOUNG_HIGH_INCOME,206,206.0,0,0.0
49,WEAgent1,LOW_INCOME,4807,4807.0,4760,4760.714000000057
49,WEAgent2,MALE_OLD_HIGH_INCOME,323,323.0,0,0.0
49,WEAgent0,MALE_YOUNG,941,941.0,0,0.0
49,WEAgent5,FEMALE_LOW_INCOME,1752,1752.0,1751,1751.5919999999928
49,WEAgent6,MALE_YOUNG_LOW_INCOME,367,367.0,0,0.0
49,WEAgent3,FEMALE_HIGH_INCOME,132,132.0,0,0.0
49,WEAgent4,MALE_LOW_INCOME,1452,1452.0,0,0.0
49,SIAgent1,MALE_YOUNG,941,941.0,53,13.0
49,SIAgent2,MALE_LOW_INCOME,726,726.0,18,13.0
49,SIAgent0,FEMALE,1008,1008.0,138,0.0
49,WEAgent21,MALE_YOUNG_LOW_INCOME,1101,1101.0,0,0.0
49,WEAgent22,FEMALE,1008,1008.0,0,0.0
49,WEAgent20,FEMALE_YOUNG,447,447.0,0,0.0
50,WEAgent18,FEMALE,1008,1008.0,0,0.0
50,WEAgent19,FEMALE_YOUNG_HIGH_INCOME,102,102.0,0,0.0
50,WEAgent16,YOUNG_LOW_INCOME,2289,2289.0,0,0.0
50,WEAgent17,OLD,2164,2164.0,2095,2095.369999999995
50,WEAgent14,MALE_YOUNG,941,941.0,0,0.0
50,WEAgent15,MALE_YOUNG_LOW_INCOME,367,367.0,367,367.0
50,WEAgent12,MALE_OLD_LOW_INCOME,359,359.0,358,358.3579999999984
50,WEAgent13,FEMALE,2017,2017.0,1003,1004.0029999999832
50,WEAgent9,OLD_HIGH_INCOME,243,243.0,0,0.0
50,WEAgent10,YOUNG_HIGH_INCOME,309,309.0,0,0.0
50,WEAgent11,OLD_HIGH_INCOME,486,486.0,0,0.0
50,WEAgent7,FEMALE,2017,2017.0,1033,1034.0329999999826
50,WEAgent8,YOUNG_LOW_INCOME,763,763.0,0,0.0
50,WEAgent1,FEMALE_OLD_HIGH_INCOME,244,244.0,0,0.0
50,WEAgent2,MALE_YOUNG,941,941.0,0,0.0
50,WEAgent0,FEMALE_YOUNG_LOW_INCOME,792,792.0,0,0.0
50,WEAgent5,MALE_OLD_HIGH_INCOME,323,323.0,0,0.0
50,WEAgent6,OLD_HIGH_INCOME,243,243.0,0,0.0
50,WEAgent3,FEMALE_HIGH_INCOME,397,397.0,0,0.0
50,WEAgent4,FEMALE,3026,3026.0,3013,2575.382999999993
50,SIAgent1,MALE_YOUNG_LOW_INCOME,1101,1101.0,736,736.0
50,SIAgent2,YOUNG,1835,1835.0,1282,768.0
50,SIAgent0,MALE_OLD,1561,1561.0,113,0.0
50,WEAgent21,MALE_YOUNG_HIGH_INCOME,310,310.0,0,0.0
50,WEAgent22,MALE_YOUNG_HIGH_INCOME,310,310.0,0,0.0
50,WEAgent20,FEMALE_LOW_INCOME,876,876.0,0,0.0
51,WEAgent18,FEMALE_OLD,561,561.0,0,0.0
51,WEAgent19,MALE_HIGH_INCOME,795,795.0,0,0.0
51,WEAgent16,OLD,3246,3246.0,3191,2031.2349999999963
51,WEAgent17,HIGH_INCOME,397,397.0,246,246.2460000000008
51,WEAgent14,FEMALE,1008,1008.0,879,879.8789999999861
51,WEAgent15,HIGH_INCOME,1192,1192.0,0,0.0
51,WEAgent12,MALE_OLD,1561,1561.0,0,0.0
51,WEAgent13,MALE_LOW_INCOME,2178,2178.0,0,0.0
51,WEAgent9,FEMALE_OLD_LOW_INCOME,480,480.0,0,0.0
51,WEAgent10,HIGH_INCOME,1192,1192.0,0,0.0
51,WEAgent11,YOUNG,2753,2753.0,0,0.0
51,WEAgent7,LOW_INCOME,3204,3204.0,3219,281.28100000000023
51,WEAgent8,OLD_HIGH_INCOME,729,729.0,0,0.0
51,WEAgent1,FEMALE_HIGH_INCOME,265,265.0,0,0.0
51,WEAgent2,HIGH_INCOME,795,795.0,0,0.0
51,WEAgent0,MALE_YOUNG_HIGH_INCOME,206,206.0,0,0.0
51,WEAgent5,MALE_OLD,1561,1561.0,0,0.0
51,WEAgent6,HIGH_INCOME,397,397.0,272,272.27200000000045
51,WEAgent3,MALE_OLD_LOW_INCOME,1077,1077.0,0,0.0
51,WEAgent4,FEMALE_YOUNG_LOW_INCOME,792,792.0,0,0.0
51,SIAgent1,FEMALE_OLD_LOW_INCOME,480,480.0,413,413.0
51,SIAgent2,FEMALE_OLD_LOW_INCOME,960,960.0,432,432.0
51,SIAgent0,OLD_LOW_INCOME,1678,1678.0,463,398.0
51,WEAgent21,FEMALE_OLD,1123,1123.0,0,0.0
51,WEAgent22,MALE_HIGH_INCOME,265,265.0,0,0.0
51,WEAgent20,FEMALE,1008,1008.0,885,885.884999999986
52,WEAgent18,FEMALE_HIGH_INCOME,132,132.0,0,0.0
52,WEAgent19,OLD,3246,3246.0,3236,2839.2349999999965
52,WEAgent16,FEMALE_OLD_LOW_INCOME,480,480.0,0,0.0
52,WEAgent17,MALE_OLD_HIGH_INCOME,484,484.0,0,0.0
52,WEAgent14,MALE_YOUNG,941,941.0,0,0.0
52,WEAgent15,MALE,991,991.0,990,990.5079999999925
52,WEAgent12,FEMALE_OLD_LOW_INCOME,960,960.0,0,0.0
52,WEAgent13,MALE_HIGH_INCOME,795,795.0,0,0.0
52,WEAgent9,FEMALE_HIGH_INCOME,265,265.0,0,0.0
52,WEAgent10,FEMALE_OLD_LOW_INCOME,480,480.0,0,0.0
52,WEAgent11,YOUNG_LOW_INCOME,2289,2289.0,0,0.0
52,WEAgent7,YOUNG,2753,2753.0,0,0.0
52,WEAgent8,MALE_OLD,1561,1561.0,0,0.0
52,WEAgent1,FEMALE_HIGH_INCOME,132,132.0,0,0.0
52,WEAgent2,MALE_LOW_INCOME,2178,2178.0,0,0.0
52,WEAgent0,MALE_HIGH_INCOME,265,265.0,0,0.0
52,WEAgent5,FEMALE_YOUNG,1341,1341.0,0,0.0
52,WEAgent6,FEMALE_OLD_LOW_INCOME,960,960.0,0,0.0
52,WEAgent3,FEMALE,3026,3026.0,2998,2771.2279999999973
52,WEAgent4,MALE_YOUNG,470,470.0,0,0.0
52,SIAgent1,MALE_OLD_HIGH_INCOME,161,161.0,40,0.0
52,SIAgent2,LOW_INCOME,1602,1602.0,1633,0.0
52,SIAgent0,MALE_YOUNG_HIGH_INCOME,310,310.0,3,0.0
52,WEAgent21,MALE_YOUNG_LOW_INCOME,1101,1101.0,1100,1100.456999999996
52,WEAgent22,HIGH_INCOME,795,795.0,0,0.0
52,WEAgent20,HIGH_INCOME,397,397.0,0,0.0
53,WEAgent18,FEMALE,1008,1008.0,1007,1007.7519999999881
53,WEAgent19,YOUNG_HIGH_INCOME,309,309.0,0,0.0
53,WEAgent16,MALE_YOUNG_LOW_INCOME,367,367.0,0,0.0
53,WEAgent17,MALE,1982,1982.0,0,0.0
53,WEAgent14,FEMALE_YOUNG_HIGH_INCOME,51,51.0,0,0.0
53,WEAgent15,OLD_HIGH_INCOME,243,243.0,0,0.0
53,WEAgent12,OLD,1082,1082.0,0,0.0
53,WEAgent13,LOW_INCOME,4807,4807.0,4857,2972.454999999991
53,WEAgent9,FEMALE_YOUNG,1341,1341.0,0,0.0
53,WEAgent10,OLD,3246,3246.0,3170,2425.345999999997
53,WEAgent11,FEMALE_OLD_LOW_INCOME,960,960.0,0,0.0
53,WEAgent7,FEMALE_OLD_HIGH_INCOME,162,162.0,0,0.0
53,WEAgent8,FEMALE_OLD_HIGH_INCOME,162,162.0,0,0.0
53,WEAgent1,MALE_OLD_HIGH_INCOME,323,323.0,0,0.0
53,WEAgent2,OLD_LOW_INCOME,839,839.0,0,0.0
53,WEAgent0,FEMALE_YOUNG_LOW_INCOME,396,396.0,0,0.0
53,WEAgent5,YOUNG,917,917.0,916,916.421999999994
53,WEAgent6,YOUNG_HIGH_INCOME,309,309.0,0,0.0
53,WEAgent3,YOUNG,2753,2753.0,0,0.0
53,WEAgent4,MALE_YOUNG_HIGH_INCOME,206,206.0,0,0.0
53,SIAgent1,MALE_YOUNG,1411,1411.0,28,6.0
53,SIAgent2,FEMALE,1008,1008.0,12,1.0
53,SIAgent0,YOUNG_HIGH_INCOME,154,154.0,10,10.0
53,WEAgent21,YOUNG,2753,2753.0,0,0.0
53,WEAgent22,MALE_YOUNG,941,941.0,0,0.0
53,WEAgent20,YOUNG_LOW_INCOME,763,763.0,0,0.0
54,WEAgent18,MALE,2973,2973.0,2929,625.1600000000005
54,WEAgent19,OLD_HIGH_INCOME,729,729.0,0,0.0
54,WEAgent16,YOUNG_HIGH_INCOME,309,309.0,0,0.0
54,WEAgent17,MALE,1982,1982.0,0,0.0
54,WEAgent14,MALE_OLD,1041,1041.0,0,0.0
54,WEAgent15,HIGH_INCOME,1192,1192.0,0,0.0
54,WEAgent12,MALE_LOW_INCOME,2178,2178.0,0,0.0
54,WEAgent13,MALE_HIGH_INCOME,265,265.0,0,0.0
54,WEAgent9,FEMALE_OLD_LOW_INCOME,1440,1440.0,0,0.0
54,WEAgent10,MALE,1982,1982.0,0,0.0
54,WEAgent11,OLD_LOW_INCOME,1678,1678.0,1762,698.6979999999904
54,WEAgent7,FEMALE_OLD,561,561.0,560,560.5599999999937
54,WEAgent8,FEMALE_HIGH_INCOME,132,132.0,0,0.0
54,WEAgent1,MALE,991,991.0,0,0.0
54,WEAgent2,FEMALE_OLD_LOW_INCOME,960,960.0,0,0.0
54,WEAgent0,MALE_YOUNG,941,941.0,0,0.0
54,WEAgent5,FEMALE,2017,2017.0,2026,1610.289999999995
54,WEAgent6,MALE_YOUNG_HIGH_INCOME,103,103.0,0,0.0
54,WEAgent3,MALE_HIGH_INCOME,530,530.0,0,0.0
54,WEAgent4,YOUNG,917,917.0,0,0.0
54,SIAgent1,MALE_YOUNG_LOW_INCOME,1101,1101.0,898,898.0
54,SIAgent2,MALE_YOUNG_HIGH_INCOME,103,103.0,0,0.0
54,SIAgent0,YOUNG,2753,2753.0,1825,944.0
54,WEAgent21,MALE_HIGH_INCOME,530,530.0,0,0.0
54,WEAgent22,FEMALE_YOUNG_LOW_INCOME,792,792.0,0,0.0
54,WEAgent20,FEMALE_YOUNG_HIGH_INCOME,153,153.0,0,0.0
55,WEAgent18,FEMALE_YOUNG_HIGH_INCOME,153,153.0,152,152.039
55,WEAgent19,FEMALE_HIGH_INCOME,265,265.0,0,0.0
55,WEAgent16,FEMALE_LOW_INCOME,2628,2628.0,2627,2627.2109999999975
55,WEAgent17,FEMALE_HIGH_INCOME,132,132.0,0,0.0
55,WEAgent14,MALE_OLD,1561,1561.0,0,0.0
55,WEAgent15,MALE,991,991.0,0,0.0
55,WEAgent12,FEMALE_OLD,1123,1123.0,0,0.0
55,WEAgent13,MALE_YOUNG,470,470.0,0,0.0
55,WEAgent9,OLD,3246,3246.0,3122,3122.2349999999965
55,WEAgent10,MALE_HIGH_INCOME,530,530.0,0,0.0
55,WEAgent11,HIGH_INCOME,795,795.0,0,0.0
55,WEAgent7,YOUNG,917,917.0,0,0.0
55,WEAgent8,FEMALE_HIGH_INCOME,265,265.0,0,0.0
55,WEAgent1,FEMALE_OLD_HIGH_INCOME,81,81.0,0,0.0
55,WEAgent2,FEMALE_YOUNG,1341,1341.0,0,0.0
55,WEAgent0,FEMALE_YOUNG_HIGH_INCOME,51,51.0,50,50.04999999999997
55,WEAgent5,MALE,1982,1982.0,1140,1141.13999999998
55,WEAgent6,FEMALE_LOW_INCOME,876,876.0,0,0.0
55,WEAgent3,FEMALE_OLD_LOW_INCOME,1440,1440.0,0,0.0
55,WEAgent4,FEMALE_YOUNG,1341,1341.0,0,0.0
55,SIAgent1,HIGH_INCOME,397,397.0,42,0.0
55,SIAgent2,MALE_YOUNG_LOW_INCOME,1101,1101.0,0,0.0
55,SIAgent0,LOW_INCOME,1602,1602.0,1685,0.0
55,WEAgent21,FEMALE_OLD_LOW_INCOME,960,960.0,0,0.0
55,WEAgent22,MALE,1982,1982.0,1182,1183.181999999979
55,WEAgent20,FEMALE_YOUNG_LOW_INCOME,1188,1188.0,0,0.0
56,WEAgent18,OLD,2164,2164.0,2147,2147.9489999999814
56,WEAgent19,MALE_OLD_LOW_INCOME,1077,1077.0,0,0.0
56,WEAgent16,FEMALE,1008,1008.0,0,0.0
56,WEAgent17,FEMALE_YOUNG,894,894.0,0,0.0
56,WEAgent14,MALE_YOUNG_LOW_INCOME,734,734.0,0,0.0
56,WEAgent15,LOW_INCOME,3204,3204.0,3186,3186.446999999992
56,WEAgent12,MALE_YOUNG_LOW_INCOME,1101,1101.0,0,0.0
56,WEAgent13,FEMALE,2017,2017.0,0,0.0
56,WEAgent9,MALE_OLD,520,520.0,0,0.0
56,WEAgent10,MALE_LOW_INCOME,2178,2178.0,0,0.0
56,WEAgent11,MALE_OLD,520,520.0,0,0.0
56,WEAgent7,OLD_HIGH_INCOME,729,729.0,0,0.0
56,WEAgent8,OLD,1082,1082.0,1432,955.9549999999844
56,WEAgent1,OLD_HIGH_INCOME,243,243.0,0,0.0
56,WEAgent2,MALE_OLD,1041,1041.0,0,0.0
56,WEAgent0,MALE_LOW_INCOME,1452,1452.0,0,0.0
56,WEAgent5,YOUNG,2753,2753.0,3083,944.4269999999942
56,WEAgent6,FEMALE_YOUNG,1341,1341.0,0,0.0
56,WEAgent3,OLD_HIGH_INCOME,486,486.0,0,0.0
56,WEAgent4,MALE_YOUNG_LOW_INCOME,734,734.0,0,0.0
56,SIAgent1,MALE,2973,2973.0,133,0.0
56,SIAgent2,FEMALE_OLD_HIGH_INCOME,162,162.0,12,12.0
56,SIAgent0,FEMALE_OLD_HIGH_INCOME,81,81.0,7,7.0
56,WEAgent21,FEMALE_HIGH_INCOME,132,132.0,0,0.0
56,WEAgent22,FEMALE_YOUNG_HIGH_INCOME,153,153.0,0,0.0
56,WEAgent20,MALE_OLD_HIGH_INCOME,161,161.0,0,0.0
57,WEAgent18,MALE,991,991.0,0,0.0
57,WEAgent19,YOUNG_LOW_INCOME,1526,1526.0,0,0.0
57,WEAgent16,FEMALE_YOUNG_HIGH_INCOME,153,153.0,0,0.0
57,WEAgent17,FEMALE_YOUNG,1341,1341.0,0,0.0
57,WEAgent14,MALE_YOUNG_LOW_INCOME,367,367.0,0,0.0
57,WEAgent15,YOUNG_HIGH_INCOME,309,309.0,0,0.0
57,WEAgent12,FEMALE_OLD_LOW_INCOME,480,480.0,0,0.0
57,WEAgent13,LOW_INCOME,3204,3204.0,1887,1888.8869999999624
57,WEAgent9,FEMALE_HIGH_INCOME,265,265.0,0,0.0
57,WEAgent10,MALE,991,991.0,0,0.0
57,WEAgent11,LOW_INCOME,4807,4807.0,4347,651.6509999999915
57,WEAgent7,MALE_LOW_INCOME,1452,1452.0,0,0.0
57,WEAgent8,MALE_LOW_INCOME,1452,1452.0,0,0.0
57,WEAgent1,FEMALE_OLD_HIGH_INCOME,244,244.0,0,0.0
57,WEAgent2,FEMALE_YOUNG_HIGH_INCOME,51,51.0,0,0.0
57,WEAgent0,FEMALE_LOW_INCOME,876,876.0,0,0.0
57,WEAgent5,MALE_YOUNG_HIGH_INCOME,310,310.0,0,0.0
57,WEAgent6,MALE_OLD,1041,1041.0,0,0.0
57,WEAgent3,FEMALE,2017,2017.0,0,0.0
57,WEAgent4,FEMALE_OLD,1123,1123.0,0,0.0
57,SIAgent1,MALE_OLD_HIGH_INCOME,161,161.0,798,0.0
57,SIAgent2,FEMALE_YOUNG_HIGH_INCOME,153,153.0,8,0.0
57,SIAgent0,MALE_YOUNG_HIGH_INCOME,103,103.0,0,0.0
57,WEAgent21,MALE_YOUNG_HIGH_INCOME,206,206.0,0,0.0
57,WEAgent22,HIGH_INCOME,1192,1192.0,1170,751.0
57,WEAgent20,LOW_INCOME,3204,3204.0,1790,1791.7899999999647
58,WEAgent18,FEMALE_YOUNG_HIGH_INCOME,51,51.0,0,0.0
58,WEAgent19,MALE_LOW_INCOME,726,726.0,0,0.0
58,WEAgent16,FEMALE,3026,3026.0,0,0.0
58,WEAgent17,YOUNG_LOW_INCOME,1526,1526.0,0,0.0
58,WEAgent14,OLD,3246,3246.0,1573,1574.5729999999699
58,WEAgent15,FEMALE_OLD_HIGH_INCOME,81,81.0,0,0.0
58,WEAgent12,OLD_HIGH_INCOME,486,486.0,0,0.0
58,WEAgent13,FEMALE,1008,1008.0,1007,1007.7519999999879
58,WEAgent9,OLD,3246,3246.0,1655,1656.654999999968
58,WEAgent10,OLD_LOW_INCOME,839,839.0,0,0.0
58,WEAgent11,FEMALE_OLD_HIGH_INCOME,81,81.0,0,0.0
58,WEAgent7,OLD,2164,2164.0,0,0.0
58,WEAgent8,LOW_INCOME,4807,4807.0,4804,1176.3799999999978
58,WEAgent1,FEMALE,3026,3026.0,0,0.0
58,WEAgent2,FEMALE_YOUNG_LOW_INCOME,396,396.0,395,395.39499999999754
58,WEAgent0,FEMALE_YOUNG_LOW_INCOME,1188,1188.0,0,0.0
58,WEAgent5,YOUNG_LOW_INCOME,2289,2289.0,0,0.0
58,WEAgent6,FEMALE,2017,2017.0,0,0.0
58,WEAgent3,MALE_OLD_LOW_INCOME,718,718.0,0,0.0
58,WEAgent4,MALE_YOUNG_HIGH_INCOME,206,206.0,346,197.19700000000057
58,SIAgent1,FEMALE,3026,3026.0,12,6.0
58,SIAgent2,MALE_OLD_HIGH_INCOME,484,484.0,0,0.0
58,SIAgent0,FEMALE_LOW_INCOME,2628,2628.0,3,3.0
58,WEAgent21,FEMALE_YOUNG_HIGH_INCOME,102,102.0,0,0.0
58,WEAgent22,MALE_YOUNG_HIGH_INCOME,206,206.0,205,205.2050000000006
58,WEAgent20,FEMALE_OLD_HIGH_INCOME,81,81.0,0,0.0
59,WEAgent18,LOW_INCOME,4807,4807.0,4838,3013.8130000000074
59,WEAgent19,MALE_OLD,1041,1041.0,0,0.0
59,WEAgent16,FEMALE_OLD_HIGH_INCOME,162,162.0,199,159.1590000000004
59,WEAgent17,FEMALE_HIGH_INCOME,132,132.0,131,131.13100000000026
59,WEAgent14,MALE,991,991.0,1169,614.1150000000001
59,WEAgent15,MALE,1982,1982.0,0,0.0
59,WEAgent12,FEMALE_YOUNG_HIGH_INCOME,51,51.0,0,0.0
59,WEAgent13,MALE_LOW_INCOME,726,726.0,0,0.0
59,WEAgent9,FEMALE,1008,1008.0,0,0.0
59,WEAgent10,OLD_LOW_INCOME,1678,1678.0,0,0.0
59,WEAgent11,MALE_OLD_HIGH_INCOME,323,323.0,0,0.0
59,WEAgent7,FEMALE_LOW_INCOME,1752,1752.0,1750,1751.7499999999657
59,WEAgent8,FEMALE_OLD_LOW_INCOME,1440,1440.0,1439,1439.972999999984
59,WEAgent1,OLD_LOW_INCOME,1678,1678.0,0,0.0
59,WEAgent2,YOUNG,1835,1835.0,0,0.0
59,WEAgent0,OLD_LOW_INCOME,839,839.0,0,0.0
59,WEAgent5,FEMALE_OLD_HIGH_INCOME,81,81.0,80,80.08000000000001
59,WEAgent6,YOUNG_HIGH_INCOME,463,463.0,0,0.0
59,WEAgent3,MALE_OLD_LOW_INCOME,359,359.0,0,0.0
59,WEAgent4,FEMALE_LOW_INCOME,876,876.0,0,0.0
59,SIAgent1,MALE_YOUNG_HIGH_INCOME,206,206.0,0,0.0
59,SIAgent2,MALE_YOUNG_LOW_INCOME,1101,1101.0,16,0.0
59,SIAgent0,FEMALE_LOW_INCOME,1752,1752.0,35,0.0
59,WEAgent21,MALE_YOUNG,941,941.0,0,0.0
59,WEAgent22,LOW_INCOME,1602,1602.0,0,0.0
59,WEAgent20,HIGH_INCOME,397,397.0,343,140.1400000000003
60,WEAgent18,HIGH_INCOME,1192,1192.0,617,617.6169999999923
60,WEAgent19,YOUNG_LOW_INCOME,2289,2289.0,0,0.0
60,WEAgent16,FEMALE_OLD_HIGH_INCOME,244,244.0,0,0.0
60,WEAgent17,FEMALE_OLD_LOW_INCOME,1440,1440.0,0,0.0
60,WEAgent14,LOW_INCOME,4807,4807.0,4751,2986.852000000007
60,WEAgent15,MALE_YOUNG_HIGH_INCOME,206,206.0,0,0.0
60,WEAgent12,FEMALE_OLD_HIGH_INCOME,81,81.0,0,0.0
60,WEAgent13,LOW_INCOME,3204,3204.0,3220,804.8039999999879
60,WEAgent9,FEMALE_YOUNG_HIGH_INCOME,153,153.0,0,0.0
60,WEAgent10,YOUNG,917,917.0,0,0.0
60,WEAgent11,FEMALE_YOUNG_LOW_INCOME,1188,1188.0,0,0.0
60,WEAgent7,YOUNG,1835,1835.0,0,0.0
60,WEAgent8,HIGH_INCOME,1192,1192.0,602,602.6019999999927
60,WEAgent1,HIGH_INCOME,795,795.0,388,388.3879999999977
60,WEAgent2,HIGH_INCOME,795,795.0,411,411.41099999999716
60,WEAgent0,YOUNG,917,917.0,0,0.0
60,WEAgent5,FEMALE_OLD_HIGH_INCOME,162,162.0,0,0.0
60,WEAgent6,FEMALE_YOUNG_LOW_INCOME,1188,1188.0,0,0.0
60,WEAgent3,FEMALE,1008,1008.0,0,0.0
60,WEAgent4,YOUNG_HIGH_INCOME,463,463.0,0,0.0
60,SIAgent1,FEMALE_YOUNG_HIGH_INCOME,51,51.0,0,0.0
60,SIAgent2,YOUNG_LOW_INCOME,1526,1526.0,5,5.0
60,SIAgent0,FEMALE_YOUNG,1341,1341.0,6,6.0
60,WEAgent21,LOW_INCOME,1602,1602.0,0,0.0
60,WEAgent22,MALE_HIGH_INCOME,265,265.0,0,0.0
60,WEAgent20,FEMALE_YOUNG,1341,1341.0,0,0.0
61,WEAgent18,MALE_OLD,1041,1041.0,0,0.0
61,WEAgent19,MALE_YOUNG_HIGH_INCOME,206,206.0,0,0.0
61,WEAgent16,MALE_OLD_HIGH_INCOME,484,484.0,0,0.0
61,WEAgent17,YOUNG_LOW_INCOME,763,763.0,0,0.0
61,WEAgent14,FEMALE_YOUNG,447,447.0,0,0.0
61,WEAgent15,OLD_LOW_INCOME,1678,1678.0,1696,470.46999999999576
61,WEAgent12,YOUNG_LOW_INCOME,763,763.0,0,0.0
61,WEAgent13,OLD_HIGH_INCOME,729,729.0,0,0.0
61,WEAgent9,OLD,3246,3246.0,3250,235.23500000000075
61,WEAgent10,FEMALE_HIGH_INCOME,132,132.0,0,0.0
61,WEAgent11,MALE_YOUNG_LOW_INCOME,1101,1101.0,0,0.0
61,WEAgent7,FEMALE_OLD_LOW_INCOME,480,480.0,479,479.47899999999555
61,WEAgent8,FEMALE_HIGH_INCOME,265,265.0,0,0.0
61,WEAgent1,MALE_OLD,1561,1561.0,0,0.0
61,WEAgent2,MALE_OLD_LOW_INCOME,359,359.0,0,0.0
61,WEAgent0,YOUNG_LOW_INCOME,1526,1526.0,1525,1525.1620000000003
61,WEAgent5,FEMALE_OLD_LOW_INCOME,1440,1440.0,0,0.0
61,WEAgent6,FEMALE_YOUNG_HIGH_INCOME,102,102.0,0,0.0
61,WEAgent3,MALE_YOUNG_HIGH_INCOME,310,310.0,0,0.0
61,WEAgent4,MALE_OLD,520,520.0,0,0.0
61,SIAgent1,FEMALE_YOUNG,447,447.0,89,89.0
61,SIAgent2,FEMALE_YOUNG_LOW_INCOME,396,396.0,81,81.0
61,SIAgent0,FEMALE_YOUNG,1341,1341.0,82,82.0
61,WEAgent21,YOUNG,2753,2753.0,2798,399.14300000000037
61,WEAgent22,MALE_YOUNG_LOW_INCOME,734,734.0,0,0.0
61,WEAgent20,FEMALE_YOUNG,447,447.0,0,0.0
62,WEAgent18,YOUNG,917,917.0,0,0.0
62,WEAgent19,LOW_INCOME,3204,3204.0,702,757.6775884476464
62,WEAgent16,FEMALE_OLD_HIGH_INCOME,81,81.0,0,0.0
62,WEAgent17,MALE_YOUNG_HIGH_INCOME,206,206.0,205,205.2050000000006
62,WEAgent14,YOUNG_LOW_INCOME,1526,1526.0,0,0.0
62,WEAgent15,MALE_OLD_LOW_INCOME,359,359.0,0,0.0
62,WEAgent12,YOUNG,917,917.0,0,0.0
62,WEAgent13,FEMALE_OLD,1684,1684.0,0,0.0
62,WEAgent9,FEMALE,2017,2017.0,0,0.0
62,WEAgent10,FEMALE_HIGH_INCOME,397,397.0,0,0.0
62,WEAgent11,MALE_OLD_HIGH_INCOME,323,323.0,0,0.0
62,WEAgent7,FEMALE_HIGH_INCOME,397,397.0,0,0.0
62,WEAgent8,MALE_YOUNG_LOW_INCOME,1101,1101.0,0,0.0
62,WEAgent1,MALE_YOUNG_HIGH_INCOME,310,310.0,298,298.20200000000057
62,WEAgent2,FEMALE_YOUNG_HIGH_INCOME,102,102.0,0,0.0
62,WEAgent0,YOUNG_LOW_INCOME,2289,2289.0,0,0.0
62,WEAgent5,MALE_OLD_HIGH_INCOME,323,323.0,0,0.0
62,WEAgent6,OLD,1082,1082.0,0,0.0
62,WEAgent3,FEMALE_LOW_INCOME,2628,2628.0,0,0.0
62,WEAgent4,FEMALE,3026,3026.0,1744,1906.922339350148
62,SIAgent1,MALE_YOUNG,941,941.0,594,594.0
62,SIAgent2,YOUNG,2753,2753.0,874,617.2569999999969
62,SIAgent0,YOUNG_LOW_INCOME,2289,2289.0,594,594.0
62,WEAgent21,FEMALE,3026,3026.0,1654,1808.514649819464
62,WEAgent22,YOUNG_HIGH_INCOME,154,154.0,0,0.0
62,WEAgent20,OLD,3246,3246.0,3335,256.9534115523476
63,WEAgent18,YOUNG,2753,2753.0,2739,2739.1429999999987
63,WEAgent19,FEMALE_OLD_LOW_INCOME,480,480.0,479,479.47899999999555
63,WEAgent16,MALE_HIGH_INCOME,530,530.0,0,0.0
63,WEAgent17,MALE_YOUNG_LOW_INCOME,734,734.0,0,0.0
63,WEAgent14,FEMALE_YOUNG,1341,1341.0,0,0.0
63,WEAgent15,HIGH_INCOME,795,795.0,0,0.0
63,WEAgent12,OLD_HIGH_INCOME,486,486.0,0,0.0
63,WEAgent13,MALE_OLD_LOW_INCOME,1077,1077.0,0,0.0
63,WEAgent9,OLD,1082,1082.0,1080,1081.0799999999815
63,WEAgent10,OLD,2164,2164.0,2151,1737.8709999999835
63,WEAgent11,FEMALE_YOUNG_LOW_INCOME,792,792.0,0,0.0
63,WEAgent7,MALE_OLD_LOW_INCOME,1077,1077.0,0,0.0
63,WEAgent8,MALE_OLD_LOW_INCOME,1077,1077.0,0,0.0
63,WEAgent1,MALE_LOW_INCOME,726,726.0,0,0.0
63,WEAgent2,FEMALE_OLD_HIGH_INCOME,162,162.0,0,0.0
63,WEAgent0,FEMALE_OLD_LOW_INCOME,480,480.0,1643,453.45299999999617
63,WEAgent5,MALE_YOUNG_LOW_INCOME,1101,1101.0,0,0.0
63,WEAgent6,FEMALE_YOUNG_HIGH_INCOME,51,51.0,0,0.0
63,WEAgent3,FEMALE_HIGH_INCOME,397,397.0,0,0.0
63,WEAgent4,FEMALE_HIGH_INCOME,132,132.0,0,0.0
63,SIAgent1,MALE,991,991.0,96,0.0
63,SIAgent2,FEMALE_YOUNG_HIGH_INCOME,102,102.0,4,0.0
63,SIAgent0,FEMALE_YOUNG_LOW_INCOME,1188,1188.0,57,0.0
63,WEAgent21,FEMALE_LOW_INCOME,1752,1752.0,1751,1751.1280000000002
63,WEAgent22,MALE_LOW_INCOME,726,726.0,0,0.0
63,WEAgent20,MALE_YOUNG,470,470.0,0,0.0
64,WEAgent18,FEMALE_OLD,1123,1123.0,0,0.0
64,WEAgent19,MALE_OLD,1561,1561.0,0,0.0
64,WEAgent16,MALE_YOUNG,470,470.0,531,0.0
64,WEAgent17,YOUNG,1835,1835.0,0,0.0
64,WEAgent14,FEMALE_YOUNG_HIGH_INCOME,51,51.0,0,0.0
64,WEAgent15,OLD_HIGH_INCOME,486,486.0,0,0.0
64,WEAgent12,MALE_OLD,520,520.0,520,520.0
64,WEAgent13,YOUNG_HIGH_INCOME,309,309.0,0,0.0
64,WEAgent9,FEMALE_OLD,561,561.0,0,0.0
64,WEAgent10,OLD_LOW_INCOME,839,839.0,0,0.0
64,WEAgent11,FEMALE_YOUNG,894,894.0,0,0.0
64,WEAgent7,FEMALE,2017,2017.0,2001,1737.3539999999741
64,WEAgent8,OLD_HIGH_INCOME,486,486.0,0,0.0
64,WEAgent1,FEMALE_YOUNG,894,894.0,0,0.0
64,WEAgent2,FEMALE_OLD_HIGH_INCOME,162,162.0,0,0.0
64,WEAgent0,YOUNG_HIGH_INCOME,309,309.0,0,0.0
64,WEAgent5,MALE_YOUNG,941,941.0,0,0.0
64,WEAgent6,FEMALE_YOUNG,447,447.0,0,0.0
64,WEAgent3,MALE_YOUNG_LOW_INCOME,734,734.0,0,0.0
64,WEAgent4,FEMALE_LOW_INCOME,1752,1752.0,1881,612.6119999999925
64,SIAgent1,FEMALE_OLD_HIGH_INCOME,81,81.0,0,0.0
64,SIAgent2,YOUNG_LOW_INCOME,2289,2289.0,34,0.0
64,SIAgent0,OLD_HIGH_INCOME,486,486.0,272,0.0
64,WEAgent21,LOW_INCOME,4807,4807.0,4761,2912.726999999999
64,WEAgent22,MALE_YOUNG,941,941.0,0,0.0
64,WEAgent20,YOUNG,2753,2753.0,0,0.0
65,WEAgent18,FEMALE_YOUNG,1341,1341.0,0,0.0
65,WEAgent19,FEMALE_OLD_HIGH_INCOME,81,81.0,0,0.0
65,WEAgent16,YOUNG_LOW_INCOME,1526,1526.0,0,0.0
65,WEAgent17,MALE_HIGH_INCOME,530,530.0,0,0.0
65,WEAgent14,FEMALE_LOW_INCOME,876,876.0,0,0.0
65,WEAgent15,MALE_OLD_LOW_INCOME,718,718.0,0,0.0
65,WEAgent12,FEMALE,2017,2017.0,0,0.0
65,WEAgent13,OLD,3246,3246.0,3213,1386.234999999997
65,WEAgent9,FEMALE_YOUNG_HIGH_INCOME,102,102.0,0,0.0
65,WEAgent10,FEMALE,3026,3026.0,1800,1801.7999999999645
65,WEAgent11,MALE_YOUNG,941,941.0,0,0.0
65,WEAgent7,FEMALE_OLD,561,561.0,0,0.0
65,WEAgent8,OLD_LOW_INCOME,2517,2517.0,0,0.0
65,WEAgent1,YOUNG,917,917.0,0,0.0
65,WEAgent2,YOUNG_LOW_INCOME,1526,1526.0,0,0.0
65,WEAgent0,FEMALE,1008,1008.0,771,771.7709999999887
65,WEAgent5,MALE,1982,1982.0,1180,1181.1799999999791
65,WEAgent6,MALE,1982,1982.0,1195,1196.1949999999788
65,WEAgent3,YOUNG_HIGH_INCOME,154,154.0,0,0.0
65,WEAgent4,MALE_HIGH_INCOME,265,265.0,0,0.0
65,SIAgent1,HIGH_INCOME,1192,1192.0,0,0.0
65,SIAgent2,FEMALE_YOUNG_HIGH_INCOME,51,51.0,0,0.0
65,SIAgent0,YOUNG_HIGH_INCOME,154,154.0,0,0.0
65,WEAgent21,FEMALE_OLD_HIGH_INCOME,162,162.0,0,0.0
65,WEAgent22,FEMALE,2017,2017.0,0,0.0
65,WEAgent20,FEMALE,3026,3026.0,1841,1842.8409999999635
66,WEAgent18,FEMALE_LOW_INCOME,876,876.0,875,875.8749999999862
66,WEAgent19,MALE,1982,1982.0,1066,1067.0659999999818
66,WEAgent16,FEMALE_OLD,1123,1123.0,1122,1122.9089999999856
66,WEAgent17,YOUNG_LOW_INCOME,1526,1526.0,0,0.0
66,WEAgent14,OLD_HIGH_INCOME,486,486.0,0,0.0
66,WEAgent15,MALE_YOUNG_LOW_INCOME,1101,1101.0,0,0.0
66,WEAgent12,YOUNG_HIGH_INCOME,463,463.0,0,0.0
66,WEAgent13,FEMALE_YOUNG,1341,1341.0,0,0.0
66,WEAgent9,FEMALE,1008,1008.0,0,0.0
66,WEAgent10,MALE_OLD,520,520.0,0,0.0
66,WEAgent11,OLD_HIGH_INCOME,486,486.0,0,0.0
66,WEAgent7,MALE_YOUNG_LOW_INCOME,367,367.0,0,0.0
66,WEAgent8,MALE,1982,1982.0,1054,1055.0539999999821
66,WEAgent1,FEMALE_HIGH_INCOME,132,132.0,0,0.0
66,WEAgent2,OLD_LOW_INCOME,839,839.0,0,0.0
66,WEAgent0,MALE_LOW_INCOME,2178,2178.0,0,0.0
66,WEAgent5,YOUNG_LOW_INCOME,1526,1526.0,0,0.0
66,WEAgent6,OLD,1082,1082.0,0,0.0
66,WEAgent3,FEMALE_OLD_HIGH_INCOME,81,81.0,0,0.0
66,WEAgent4,MALE,2973,2973.0,2893,620.1450000000004
66,SIAgent1,YOUNG,2753,2753.0,1075,1075.0
66,SIAgent2,FEMALE,3026,3026.0,1607,1251.0
66,SIAgent0,FEMALE_HIGH_INCOME,397,397.0,308,308.0
66,WEAgent21,MALE_OLD_LOW_INCOME,1077,1077.0,0,0.0
66,WEAgent22,MALE_YOUNG_LOW_INCOME,734,734.0,0,0.0
66,WEAgent20,FEMALE_YOUNG,894,894.0,0,0.0
67,WEAgent18,YOUNG,2753,2753.0,1447,1448.4469999999728
67,WEAgent19,OLD_HIGH_INCOME,729,729.0,0,0.0
67,WEAgent16,FEMALE_LOW_INCOME,1752,1752.0,1751,1751.001
67,WEAgent17,OLD_LOW_INCOME,839,839.0,0,0.0
67,WEAgent14,FEMALE_HIGH_INCOME,132,132.0,0,0.0
67,WEAgent15,MALE_LOW_INCOME,1452,1452.0,0,0.0
67,WEAgent12,YOUNG_HIGH_INCOME,309,309.0,0,0.0
67,WEAgent13,FEMALE_OLD_HIGH_INCOME,162,162.0,0,0.0
67,WEAgent9,YOUNG,2753,2753.0,1424,1425.4239999999734
67,WEAgent10,YOUNG_LOW_INCOME,2289,2289.0,0,0.0
67,WEAgent11,MALE_OLD_LOW_INCOME,1077,1077.0,0,0.0
67,WEAgent7,OLD_HIGH_INCOME,486,486.0,0,0.0
67,WEAgent8,FEMALE,1008,1008.0,0,0.0
67,WEAgent1,MALE,991,991.0,0,0.0
67,WEAgent2,MALE_OLD_HIGH_INCOME,161,161.0,0,0.0
67,WEAgent0,HIGH_INCOME,795,795.0,0,0.0
67,WEAgent5,YOUNG,1835,1835.0,839,839.8389999999871
67,WEAgent6,OLD,1082,1082.0,0,0.0
67,WEAgent3,YOUNG,1835,1835.0,839,839.8389999999871
67,WEAgent4,FEMALE_YOUNG_HIGH_INCOME,51,51.0,0,0.0
67,SIAgent1,MALE_OLD,1561,1561.0,1307,1307.0
67,SIAgent2,OLD,3246,3246.0,2393,1301.0
67,SIAgent0,YOUNG_LOW_INCOME,1526,1526.0,0,0.0
67,WEAgent21,MALE_OLD_HIGH_INCOME,161,161.0,0,0.0
67,WEAgent22,MALE_OLD,520,520.0,0,0.0
67,WEAgent20,FEMALE_OLD,1684,1684.0,0,0.0
68,WEAgent18,MALE_OLD_LOW_INCOME,359,359.0,0,0.0
68,WEAgent19,YOUNG_HIGH_INCOME,154,154.0,0,0.0
68,WEAgent16,FEMALE_YOUNG,447,447.0,0,0.0
68,WEAgent17,FEMALE_YOUNG,894,894.0,0,0.0
68,WEAgent14,YOUNG_LOW_INCOME,2289,2289.0,0,0.0
68,WEAgent15,MALE_YOUNG,1411,1411.0,0,0.0
68,WEAgent12,FEMALE_LOW_INCOME,876,876.0,0,0.0
68,WEAgent13,FEMALE_OLD_HIGH_INCOME,81,81.0,81,81.0
68,WEAgent9,OLD_HIGH_INCOME,486,486.0,0,0.0
68,WEAgent10,OLD_HIGH_INCOME,486,486.0,0,0.0
68,WEAgent11,MALE,2973,2973.0,2956,2956.0
68,WEAgent7,YOUNG,2753,2753.0,2747,2747.6609999999864
68,WEAgent8,MALE_LOW_INCOME,2178,2178.0,0,0.0
68,WEAgent1,MALE_YOUNG_LOW_INCOME,1101,1101.0,0,0.0
68,WEAgent2,OLD_HIGH_INCOME,486,486.0,0,0.0
68,WEAgent0,YOUNG_LOW_INCOME,763,763.0,0,0.0
68,WEAgent5,FEMALE_OLD_LOW_INCOME,480,480.0,0,0.0
68,WEAgent6,YOUNG_HIGH_INCOME,309,309.0,0,0.0
68,WEAgent3,YOUNG_HIGH_INCOME,463,463.0,0,0.0
68,WEAgent4,YOUNG_LOW_INCOME,763,763.0,0,0.0
68,SIAgent1,OLD_LOW_INCOME,1678,1678.0,1100,1100.0
68,SIAgent2,YOUNG,2753,2753.0,18,0.0
68,SIAgent0,OLD,1082,1082.0,1355,999.0
68,WEAgent21,MALE_LOW_INCOME,726,726.0,0,0.0
68,WEAgent22,FEMALE_LOW_INCOME,1752,1752.0,1743,1743.6399999999871
68,WEAgent20,MALE_YOUNG,1411,1411.0,0,0.0
69,WEAgent18,YOUNG,1835,1835.0,0,0.0
69,WEAgent19,FEMALE_YOUNG_LOW_INCOME,792,792.0,0,0.0
69,WEAgent16,FEMALE_LOW_INCOME,876,876.0,0,0.0
69,WEAgent17,FEMALE_LOW_INCOME,1752,1752.0,0,0.0
69,WEAgent14,LOW_INCOME,3204,3204.0,3196,3196.6259999999875
69,WEAgent15,MALE_YOUNG_HIGH_INCOME,310,310.0,0,0.0
69,WEAgent12,FEMALE,2017,2017.0,1974,1711.6349999999684
69,WEAgent13,OLD_LOW_INCOME,2517,2517.0,0,0.0
69,WEAgent9,FEMALE_OLD_HIGH_INCOME,244,244.0,0,0.0
69,WEAgent10,FEMALE_OLD_LOW_INCOME,480,480.0,0,0.0
69,WEAgent11,FEMALE,1008,1008.0,1006,1007.0059999999831
69,WEAgent7,FEMALE_OLD_LOW_INCOME,1440,1440.0,0,0.0
69,WEAgent8,FEMALE_OLD,1123,1123.0,0,0.0
69,WEAgent1,FEMALE_OLD_HIGH_INCOME,81,81.0,0,0.0
69,WEAgent2,FEMALE_OLD_HIGH_INCOME,162,162.0,0,0.0
69,WEAgent0,MALE_OLD_HIGH_INCOME,323,323.0,0,0.0
69,WEAgent5,FEMALE_YOUNG_LOW_INCOME,792,792.0,0,0.0
69,WEAgent6,HIGH_INCOME,397,397.0,531,0.0
69,WEAgent3,FEMALE_OLD,1684,1684.0,0,0.0
69,WEAgent4,MALE_OLD,520,520.0,0,0.0
69,SIAgent1,FEMALE_OLD,1123,1123.0,0,0.0
69,SIAgent2,FEMALE_OLD,561,561.0,0,0.0
69,SIAgent0,LOW_INCOME,1602,1602.0,112,0.0
69,WEAgent21,YOUNG_LOW_INCOME,2289,2289.0,0,0.0
69,WEAgent22,OLD,3246,3246.0,3181,2424.2349999999965
69,WEAgent20,YOUNG,917,917.0,0,0.0
70,WEAgent18,FEMALE_OLD_LOW_INCOME,1440,1440.0,0,0.0
70,WEAgent19,FEMALE_YOUNG_LOW_INCOME,396,396.0,0,0.0
70,WEAgent16,LOW_INCOME,4807,4807.0,4768,733.7329999999896
70,WEAgent17,MALE_OLD_HIGH_INCOME,323,323.0,0,0.0
70,WEAgent14,MALE_YOUNG_LOW_INCOME,734,734.0,0,0.0
70,WEAgent15,YOUNG,1835,1835.0,0,0.0
70,WEAgent12,MALE_OLD_LOW_INCOME,359,359.0,0,0.0
70,WEAgent13,FEMALE_OLD,1684,1684.0,0,0.0
70,WEAgent9,MALE_YOUNG_HIGH_INCOME,310,310.0,0,0.0
70,WEAgent10,MALE_OLD_LOW_INCOME,1077,1077.0,0,0.0
70,WEAgent11,MALE_YOUNG,1411,1411.0,0,0.0
70,WEAgent7,MALE_YOUNG,1411,1411.0,0,0.0
70,WEAgent8,FEMALE_YOUNG_HIGH_INCOME,51,51.0,51,51.0
70,WEAgent1,MALE_YOUNG_LOW_INCOME,367,367.0,0,0.0
70,WEAgent2,MALE_YOUNG,470,470.0,470,470.0
70,WEAgent0,OLD,2164,2164.0,2685,2141.9259999999817
70,WEAgent5,MALE,991,991.0,0,0.0
70,WEAgent6,MALE_HIGH_INCOME,265,265.0,0,0.0
70,WEAgent3,FEMALE_LOW_INCOME,1752,1752.0,1750,1751.7499999999657
70,WEAgent4,MALE_OLD,1041,1041.0,0,0.0
70,SIAgent1,MALE_HIGH_INCOME,795,795.0,22,22.0
70,SIAgent2,MALE_YOUNG_HIGH_INCOME,310,310.0,21,21.0
70,SIAgent0,HIGH_INCOME,1192,1192.0,233,20.0
70,WEAgent21,HIGH_INCOME,795,795.0,0,0.0
70,WEAgent22,FEMALE_OLD_HIGH_INCOME,81,81.0,0,0.0
70,WEAgent20,MALE_YOUNG_LOW_INCOME,1101,1101.0,0,0.0
71,WEAgent18,FEMALE_LOW_INCOME,1752,1752.0,1725,1726.0749999999816
71,WEAgent19,OLD_HIGH_INCOME,486,486.0,0,0.0
71,WEAgent16,FEMALE,2017,2017.0,2011,2011.242999999999
71,WEAgent17,YOUNG_HIGH_INCOME,309,309.0,0,0.0
71,WEAgent14,FEMALE_LOW_INCOME,876,876.0,0,0.0
71,WEAgent15,MALE_YOUNG_LOW_INCOME,734,734.0,0,0.0
71,WEAgent12,FEMALE,1008,1008.0,0,0.0
71,WEAgent13,FEMALE_OLD_HIGH_INCOME,81,81.0,0,0.0
71,WEAgent9,MALE_OLD,1561,1561.0,1548,753.7529999999891
71,WEAgent10,MALE,991,991.0,0,0.0
71,WEAgent11,MALE_YOUNG,470,470.0,0,0.0
71,WEAgent7,MALE_OLD,1041,1041.0,0,0.0
71,WEAgent8,YOUNG,1835,1835.0,0,0.0
71,WEAgent1,MALE_OLD_LOW_INCOME,718,718.0,0,0.0
71,WEAgent2,MALE_OLD_HIGH_INCOME,484,484.0,0,0.0
71,WEAgent0,YOUNG,1835,1835.0,0,0.0
71,WEAgent5,MALE_YOUNG_HIGH_INCOME,206,206.0,0,0.0
71,WEAgent6,YOUNG_HIGH_INCOME,463,463.0,0,0.0
71,WEAgent3,MALE_LOW_INCOME,2178,2178.0,0,0.0
71,WEAgent4,YOUNG,2753,2753.0,2696,2696.1429999999978
71,SIAgent1,FEMALE,1008,1008.0,1,0.0
71,SIAgent2,MALE_YOUNG,941,941.0,42,0.0
71,SIAgent0,FEMALE_OLD_LOW_INCOME,1440,1440.0,0,0.0
71,WEAgent21,HIGH_INCOME,397,397.0,0,0.0
71,WEAgent22,MALE_LOW_INCOME,1452,1452.0,0,0.0
71,WEAgent20,OLD_LOW_INCOME,1678,1678.0,1977,1661.6599999999678
72,WEAgent18,MALE,991,991.0,0,0.0
72,WEAgent19,MALE_OLD,520,520.0,0,0.0
72,WEAgent16,MALE_HIGH_INCOME,795,795.0,0,0.0
72,WEAgent17,OLD_LOW_INCOME,1678,1678.0,0,0.0
72,WEAgent14,OLD,1082,1082.0,1080,273.2730000000004
72,WEAgent15,MALE_OLD_HIGH_INCOME,323,323.0,0,0.0
72,WEAgent12,MALE_OLD_LOW_INCOME,359,359.0,0,0.0
72,WEAgent13,LOW_INCOME,4807,4807.0,4762,1176.8429999999871
72,WEAgent9,MALE_OLD,520,520.0,0,0.0
72,WEAgent10,FEMALE_LOW_INCOME,2628,2628.0,0,0.0
72,WEAgent11,YOUNG_HIGH_INCOME,463,463.0,496,0.0
72,WEAgent7,YOUNG_LOW_INCOME,763,763.0,0,0.0
72,WEAgent8,FEMALE_LOW_INCOME,2628,2628.0,0,0.0
72,WEAgent1,MALE,1982,1982.0,0,0.0
72,WEAgent2,FEMALE_YOUNG,1341,1341.0,0,0.0
72,WEAgent0,FEMALE_HIGH_INCOME,265,265.0,0,0.0
72,WEAgent5,FEMALE,3026,3026.0,3024,3025.0850000000382
72,WEAgent6,MALE,2973,2973.0,0,0.0
72,WEAgent3,YOUNG,917,917.0,0,0.0
72,WEAgent4,HIGH_INCOME,795,795.0,0,0.0
72,SIAgent1,FEMALE,2017,2017.0,626,4.0
72,SIAgent2,FEMALE_YOUNG,1341,1341.0,9,9.0
72,SIAgent0,FEMALE_YOUNG,1341,1341.0,3,3.0
72,WEAgent21,FEMALE,2017,2017.0,0,0.0
72,WEAgent22,MALE_OLD,1041,1041.0,0,0.0
72,WEAgent20,OLD,2164,2164.0,0,0.0
73,WEAgent18,OLD_HIGH_INCOME,243,243.0,0,0.0
73,WEAgent19,MALE_YOUNG_LOW_INCOME,734,734.0,0,0.0
73,WEAgent16,YOUNG_LOW_INCOME,2289,2289.0,1398,1451.267666576269
73,WEAgent17,MALE_OLD_HIGH_INCOME,484,484.0,0,0.0
73,WEAgent14,OLD_HIGH_INCOME,243,243.0,0,0.0
73,WEAgent15,FEMALE_OLD_HIGH_INCOME,162,162.0,0,0.0
73,WEAgent12,MALE_OLD_LOW_INCOME,359,359.0,0,0.0
73,WEAgent13,OLD,2164,2164.0,2163,2163.2150000000006
73,WEAgent9,OLD,1082,1082.0,0,0.0
73,WEAgent10,OLD,3246,3246.0,3224,2797.2349999999965
73,WEAgent11,FEMALE_OLD_HIGH_INCOME,81,81.0,0,0.0
73,WEAgent7,MALE_YOUNG_HIGH_INCOME,103,103.0,102,102.10200000000012
73,WEAgent8,FEMALE_LOW_INCOME,876,876.0,0,0.0
73,WEAgent1,MALE,991,991.0,0,0.0
73,WEAgent2,MALE_HIGH_INCOME,265,265.0,446,137.13700000000028
73,WEAgent0,FEMALE_OLD_HIGH_INCOME,81,81.0,0,0.0
73,WEAgent5,FEMALE_OLD_LOW_INCOME,1440,1440.0,0,0.0
73,WEAgent6,OLD_HIGH_INCOME,486,486.0,0,0.0
73,WEAgent3,HIGH_INCOME,795,795.0,0,0.0
73,WEAgent4,OLD_LOW_INCOME,839,839.0,0,0.0
73,SIAgent1,FEMALE_YOUNG_LOW_INCOME,1188,1188.0,0,0.0
73,SIAgent2,MALE_OLD,1041,1041.0,6,0.0
73,SIAgent0,FEMALE_LOW_INCOME,1752,1752.0,5,0.0
73,WEAgent21,MALE_OLD_HIGH_INCOME,484,484.0,0,0.0
73,WEAgent22,YOUNG_LOW_INCOME,2289,2289.0,1346,1402.2428525044083
73,WEAgent20,FEMALE_YOUNG,1341,1341.0,1310,1192.5004101382497
74,WEAgent18,YOUNG_LOW_INCOME,2289,2289.0,0,0.0
74,WEAgent19,FEMALE_OLD,561,561.0,0,0.0
74,WEAgent16,FEMALE_YOUNG_HIGH_INCOME,51,51.0,0,0.0
74,WEAgent17,OLD_LOW_INCOME,1678,1678.0,0,0.0
74,WEAgent14,FEMALE_HIGH_INCOME,397,397.0,0,0.0
74,WEAgent15,FEMALE_YOUNG_HIGH_INCOME,153,153.0,0,0.0
74,WEAgent12,FEMALE_YOUNG_LOW_INCOME,1188,1188.0,0,0.0
74,WEAgent13,MALE_HIGH_INCOME,530,530.0,0,0.0
74,WEAgent9,MALE_OLD,520,520.0,0,0.0
74,WEAgent10,FEMALE_OLD,1123,1123.0,1350,787.7869999999883
74,WEAgent11,HIGH_INCOME,397,397.0,397,397.0
74,WEAgent7,FEMALE_OLD,1684,1684.0,0,0.0
74,WEAgent8,FEMALE_YOUNG_LOW_INCOME,1188,1188.0,0,0.0
74,WEAgent1,OLD,1082,1082.0,0,0.0
74,WEAgent2,FEMALE_OLD_HIGH_INCOME,162,162.0,0,0.0
74,WEAgent0,FEMALE_OLD_LOW_INCOME,480,480.0,0,0.0
74,WEAgent5,FEMALE,3026,3026.0,3023,3023.790000000022
74,WEAgent6,FEMALE_YOUNG_LOW_INCOME,1188,1188.0,0,0.0
74,WEAgent3,OLD,3246,3246.0,3216,3216.234999999996
74,WEAgent4,MALE_OLD_LOW_INCOME,359,359.0,0,0.0
74,SIAgent1,FEMALE_YOUNG_LOW_INCOME,396,396.0,32,0.0
74,SIAgent2,HIGH_INCOME,1192,1192.0,153,0.0
74,SIAgent0,MALE_LOW_INCOME,2178,2178.0,0,0.0
74,WEAgent21,MALE_LOW_INCOME,1452,1452.0,877,877.8769999999862
74,WEAgent22,MALE_LOW_INCOME,1452,1452.0,952,952.9519999999844
74,WEAgent20,FEMALE_YOUNG_LOW_INCOME,792,792.0,0,0.0
75,WEAgent18,HIGH_INCOME,795,795.0,0,0.0
75,WEAgent19,FEMALE_LOW_INCOME,876,876.0,0,0.0
75,WEAgent16,MALE_YOUNG,941,941.0,0,0.0
75,WEAgent17,MALE_YOUNG,941,941.0,0,0.0
75,WEAgent14,FEMALE,2017,2017.0,1976,1723.9529999999804
75,WEAgent15,FEMALE_OLD_LOW_INCOME,1440,1440.0,0,0.0
75,WEAgent12,FEMALE_YOUNG,1341,1341.0,0,0.0
75,WEAgent13,YOUNG,917,917.0,0,0.0
75,WEAgent9,YOUNG_LOW_INCOME,1526,1526.0,0,0.0
75,WEAgent10,FEMALE,1008,1008.0,1006,1007.0059999999831
75,WEAgent11,FEMALE_OLD_HIGH_INCOME,244,244.0,0,0.0
75,WEAgent7,OLD_LOW_INCOME,2517,2517.0,0,0.0
75,WEAgent8,MALE_YOUNG_HIGH_INCOME,206,206.0,0,0.0
75,WEAgent1,MALE_YOUNG_HIGH_INCOME,206,206.0,0,0.0
75,WEAgent2,MALE,1982,1982.0,0,0.0
75,WEAgent0,MALE_LOW_INCOME,726,726.0,0,0.0
75,WEAgent5,HIGH_INCOME,1192,1192.0,1180,675.0
75,WEAgent6,MALE_YOUNG,941,941.0,0,0.0
75,WEAgent3,MALE_YOUNG_LOW_INCOME,367,367.0,0,0.0
75,WEAgent4,FEMALE_LOW_INCOME,1752,1752.0,0,0.0
75,SIAgent1,LOW_INCOME,3204,3204.0,3808,1862.0
75,SIAgent2,YOUNG_LOW_INCOME,2289,2289.0,1882,1882.0
75,SIAgent0,OLD_HIGH_INCOME,243,243.0,148,0.0
75,WEAgent21,FEMALE_YOUNG,894,894.0,0,0.0
75,WEAgent22,FEMALE_OLD_HIGH_INCOME,81,81.0,0,0.0
75,WEAgent20,FEMALE_OLD_LOW_INCOME,480,480.0,0,0.0
76,WEAgent18,FEMALE_OLD,1684,1684.0,1677,1130.1289999999804
76,WEAgent19,MALE_YOUNG,1411,1411.0,0,0.0
76,WEAgent16,FEMALE_OLD,1123,1123.0,1121,1122.1209999999805
76,WEAgent17,FEMALE_OLD_HIGH_INCOME,162,162.0,0,0.0
76,WEAgent14,FEMALE_YOUNG_HIGH_INCOME,102,102.0,253,0.0
76,WEAgent15,MALE_LOW_INCOME,1452,1452.0,0,0.0
76,WEAgent12,YOUNG_HIGH_INCOME,309,309.0,0,0.0
76,WEAgent13,MALE_HIGH_INCOME,530,530.0,506,506.2410000000008
76,WEAgent9,OLD_HIGH_INCOME,486,486.0,0,0.0
76,WEAgent10,OLD_HIGH_INCOME,243,243.0,0,0.0
76,WEAgent11,MALE_OLD_LOW_INCOME,718,718.0,0,0.0
76,WEAgent7,OLD_HIGH_INCOME,486,486.0,0,0.0
76,WEAgent8,MALE_YOUNG_LOW_INCOME,734,734.0,0,0.0
76,WEAgent1,MALE,2973,2973.0,0,0.0
76,WEAgent2,FEMALE_OLD_HIGH_INCOME,244,244.0,0,0.0
76,WEAgent0,FEMALE_OLD_HIGH_INCOME,244,244.0,0,0.0
76,WEAgent5,YOUNG_HIGH_INCOME,309,309.0,0,0.0
76,WEAgent6,OLD_LOW_INCOME,1678,1678.0,0,0.0
76,WEAgent3,MALE_OLD,1561,1561.0,0,0.0
76,WEAgent4,MALE_HIGH_INCOME,795,795.0,822,277.2770000000003
76,SIAgent1,MALE_OLD_LOW_INCOME,1077,1077.0,4,4.0
76,SIAgent2,MALE_OLD_LOW_INCOME,359,359.0,6,6.0
76,SIAgent0,MALE_OLD,1041,1041.0,5,5.0
76,WEAgent21,LOW_INCOME,4807,4807.0,5606,1796.0
76,WEAgent22,MALE_YOUNG,941,941.0,0,0.0
76,WEAgent20,FEMALE_HIGH_INCOME,397,397.0,0,0.0
77,WEAgent18,MALE_OLD_LOW_INCOME,718,718.0,0,0.0
77,WEAgent19,MALE,2973,2973.0,0,0.0
77,WEAgent16,FEMALE_HIGH_INCOME,397,397.0,0,0.0
77,WEAgent17,MALE,1982,1982.0,0,0.0
77,WEAgent14,MALE_YOUNG_LOW_INCOME,367,367.0,0,0.0
77,WEAgent15,FEMALE_OLD_LOW_INCOME,480,480.0,0,0.0
77,WEAgent12,OLD,1082,1082.0,1104,674.673999999991
77,WEAgent13,FEMALE_YOUNG_LOW_INCOME,792,792.0,0,0.0
77,WEAgent9,FEMALE_YOUNG_LOW_INCOME,792,792.0,0,0.0
77,WEAgent10,FEMALE_OLD_LOW_INCOME,960,960.0,0,0.0
77,WEAgent11,YOUNG_LOW_INCOME,763,763.0,0,0.0
77,WEAgent7,MALE_YOUNG_LOW_INCOME,734,734.0,0,0.0
77,WEAgent8,YOUNG_LOW_INCOME,1526,1526.0,0,0.0
77,WEAgent1,FEMALE_OLD,1684,1684.0,0,0.0
77,WEAgent2,LOW_INCOME,4807,4807.0,4760,4472.849000000073
77,WEAgent0,MALE_YOUNG_LOW_INCOME,734,734.0,0,0.0
77,WEAgent5,OLD_HIGH_INCOME,243,243.0,0,0.0
77,WEAgent6,FEMALE_LOW_INCOME,2628,2628.0,2591,1391.3899999999742
77,WEAgent3,MALE_LOW_INCOME,1452,1452.0,0,0.0
77,WEAgent4,MALE_YOUNG_HIGH_INCOME,103,103.0,0,0.0
77,SIAgent1,MALE_OLD,1041,1041.0,82,82.0
77,SIAgent2,MALE,2973,2973.0,108,100.0
77,SIAgent0,MALE_OLD_HIGH_INCOME,161,161.0,55,55.0
77,WEAgent21,MALE_OLD,520,520.0,519,519.0920000000001
77,WEAgent22,YOUNG_HIGH_INCOME,154,154.0,0,0.0
77,WEAgent20,HIGH_INCOME,795,795.0,781,538.021
78,WEAgent18,FEMALE_YOUNG,1341,1341.0,0,0.0
78,WEAgent19,FEMALE_LOW_INCOME,2628,2628.0,1730,1731.7299999999661
78,WEAgent16,MALE_HIGH_INCOME,795,795.0,0,0.0
78,WEAgent17,FEMALE_OLD_HIGH_INCOME,244,244.0,0,0.0
78,WEAgent14,HIGH_INCOME,397,397.0,0,0.0
78,WEAgent15,FEMALE_LOW_INCOME,876,876.0,0,0.0
78,WEAgent12,YOUNG_HIGH_INCOME,463,463.0,0,0.0
78,WEAgent13,MALE_YOUNG,941,941.0,0,0.0
78,WEAgent9,MALE,991,991.0,0,0.0
78,WEAgent10,FEMALE_LOW_INCOME,2628,2628.0,1782,1783.781999999965
78,WEAgent11,MALE_OLD_HIGH_INCOME,161,161.0,0,0.0
78,WEAgent7,YOUNG_LOW_INCOME,1526,1526.0,0,0.0
78,WEAgent8,FEMALE_OLD_LOW_INCOME,1440,1440.0,0,0.0
78,WEAgent1,MALE_YOUNG_HIGH_INCOME,103,103.0,0,0.0
78,WEAgent2,FEMALE_OLD_LOW_INCOME,960,960.0,709,709.7089999999902
78,WEAgent0,FEMALE_YOUNG,1341,1341.0,0,0.0
78,WEAgent5,MALE_YOUNG,1411,1411.0,0,0.0
78,WEAgent6,FEMALE_OLD_HIGH_INCOME,162,162.0,0,0.0
78,WEAgent3,OLD,2164,2164.0,0,0.0
78,WEAgent4,FEMALE_YOUNG_LOW_INCOME,1188,1188.0,0,0.0
78,SIAgent1,YOUNG,2753,2753.0,2592,0.0
78,SIAgent2,FEMALE_YOUNG_LOW_INCOME,792,792.0,0,0.0
78,SIAgent0,FEMALE_OLD_HIGH_INCOME,81,81.0,0,0.0
78,WEAgent21,OLD,3246,3246.0,3187,641.2349999999985
78,WEAgent22,MALE_HIGH_INCOME,795,795.0,0,0.0
78,WEAgent20,MALE_YOUNG,1411,1411.0,0,0.0
79,WEAgent18,MALE_LOW_INCOME,2178,2178.0,0,0.0
79,WEAgent19,FEMALE_YOUNG_HIGH_INCOME,51,51.0,0,0.0
79,WEAgent16,FEMALE_YOUNG,894,894.0,0,0.0
79,WEAgent17,FEMALE_YOUNG_LOW_INCOME,792,792.0,0,0.0
79,WEAgent14,MALE_OLD,1041,1041.0,0,0.0
79,WEAgent15,FEMALE,2017,2017.0,0,0.0
79,WEAgent12,FEMALE_YOUNG,1341,1341.0,0,0.0
79,WEAgent13,OLD,2164,2164.0,2164,2164.0
79,WEAgent9,MALE_YOUNG,941,941.0,0,0.0
79,WEAgent10,FEMALE_YOUNG_HIGH_INCOME,51,51.0,0,0.0
79,WEAgent11,LOW_INCOME,3204,3204.0,3101,2216.451999999992
79,WEAgent7,YOUNG_HIGH_INCOME,309,309.0,0,0.0
79,WEAgent8,YOUNG,2753,2753.0,3163,427.4269999999968
79,WEAgent1,FEMALE_OLD,561,561.0,0,0.0
79,WEAgent2,FEMALE_HIGH_INCOME,265,265.0,0,0.0
79,WEAgent0,MALE_OLD_LOW_INCOME,718,718.0,0,0.0
79,WEAgent5,MALE_YOUNG_LOW_INCOME,367,367.0,0,0.0
79,WEAgent6,FEMALE_HIGH_INCOME,397,397.0,0,0.0
79,WEAgent3,OLD_LOW_INCOME,2517,2517.0,0,0.0
79,WEAgent4,FEMALE_OLD_HIGH_INCOME,81,81.0,0,0.0
79,SIAgent1,MALE_OLD_HIGH_INCOME,161,161.0,10,10.0
79,SIAgent2,FEMALE_OLD_LOW_INCOME,960,960.0,795,795.0
79,SIAgent0,OLD,1082,1082.0,767,753.0
79,WEAgent21,YOUNG_HIGH_INCOME,309,309.0,0,0.0
79,WEAgent22,MALE,1982,1982.0,0,0.0
79,WEAgent20,MALE_HIGH_INCOME,265,265.0,0,0.0
80,WEAgent18,YOUNG_LOW_INCOME,2289,2289.0,0,0.0
80,WEAgent19,FEMALE_YOUNG_HIGH_INCOME,51,51.0,0,0.0
80,WEAgent16,FEMALE_LOW_INCOME,2628,2628.0,2695,648.0
80,WEAgent17,MALE_OLD,1561,1561.0,0,0.0
80,WEAgent14,MALE_OLD_LOW_INCOME,359,359.0,0,0.0
80,WEAgent15,YOUNG_HIGH_INCOME,154,154.0,0,0.0
80,WEAgent12,LOW_INCOME,1602,1602.0,0,0.0
80,WEAgent13,LOW_INCOME,1602,1602.0,0,0.0
80,WEAgent9,MALE_OLD_LOW_INCOME,1077,1077.0,0,0.0
80,WEAgent10,MALE_YOUNG_LOW_INCOME,367,367.0,0,0.0
80,WEAgent11,FEMALE_YOUNG_HIGH_INCOME,51,51.0,0,0.0
80,WEAgent7,FEMALE_HIGH_INCOME,132,132.0,0,0.0
80,WEAgent8,FEMALE,2017,2017.0,0,0.0
80,WEAgent1,YOUNG_HIGH_INCOME,463,463.0,0,0.0
80,WEAgent2,FEMALE_HIGH_INCOME,265,265.0,0,0.0
80,WEAgent0,OLD,2164,2164.0,2155,1757.0
80,WEAgent5,FEMALE_OLD,561,561.0,0,0.0
80,WEAgent6,YOUNG,1835,1835.0,1821,1062.4649999999958
80,WEAgent3,FEMALE_LOW_INCOME,1752,1752.0,0,0.0
80,WEAgent4,FEMALE_LOW_INCOME,1752,1752.0,0,0.0
80,SIAgent1,OLD_LOW_INCOME,2517,2517.0,1997,279.0
80,SIAgent2,MALE_OLD,1561,1561.0,274,273.0
80,SIAgent0,MALE_LOW_INCOME,1452,1452.0,589,249.0
80,WEAgent21,MALE_YOUNG,470,470.0,469,469.4689999999958
80,WEAgent22,FEMALE_YOUNG_HIGH_INCOME,51,51.0,0,0.0
80,WEAgent20,FEMALE_LOW_INCOME,876,876.0,0,0.0
81,WEAgent18,FEMALE_YOUNG_LOW_INCOME,792,792.0,0,0.0
81,WEAgent19,MALE_LOW_INCOME,1452,1452.0,1487,392.3919999999976
81,WEAgent16,MALE_YOUNG_HIGH_INCOME,206,206.0,0,0.0
81,WEAgent17,MALE_HIGH_INCOME,265,265.0,0,0.0
81,WEAgent14,YOUNG_LOW_INCOME,2289,2289.0,0,0.0
81,WEAgent15,HIGH_INCOME,397,397.0,0,0.0
81,WEAgent12,MALE_LOW_INCOME,2178,2178.0,2093,383.3829999999978
81,WEAgent13,YOUNG_HIGH_INCOME,463,463.0,463,463.0
81,WEAgent9,YOUNG,2753,2753.0,0,0.0
81,WEAgent10,MALE_OLD,520,520.0,0,0.0
81,WEAgent11,MALE_OLD_HIGH_INCOME,161,161.0,0,0.0
81,WEAgent7,MALE_YOUNG,941,941.0,0,0.0
81,WEAgent8,OLD,2164,2164.0,2147,1356.3999999999974
81,WEAgent1,MALE_OLD_LOW_INCOME,718,718.0,0,0.0
81,WEAgent2,FEMALE_OLD,1123,1123.0,0,0.0
81,WEAgent0,FEMALE_YOUNG,1341,1341.0,0,0.0
81,WEAgent5,FEMALE_HIGH_INCOME,132,132.0,0,0.0
81,WEAgent6,MALE_YOUNG_LOW_INCOME,367,367.0,0,0.0
81,WEAgent3,OLD_HIGH_INCOME,486,486.0,0,0.0
81,WEAgent4,FEMALE_OLD_LOW_INCOME,1440,1440.0,0,0.0
81,SIAgent1,FEMALE_HIGH_INCOME,397,397.0,39,0.0
81,SIAgent2,FEMALE_LOW_INCOME,2628,2628.0,713,0.0
81,SIAgent0,YOUNG_HIGH_INCOME,463,463.0,88,0.0
81,WEAgent21,OLD,1082,1082.0,0,0.0
81,WEAgent22,YOUNG_LOW_INCOME,1526,1526.0,0,0.0
81,WEAgent20,FEMALE,3026,3026.0,2970,2970.3829999999934
82,WEAgent18,FEMALE,2017,2017.0,1883,1883.2189999999996
82,WEAgent19,YOUNG,917,917.0,0,0.0
82,WEAgent16,YOUNG,1835,1835.0,1093,1094.0929999999812
82,WEAgent17,YOUNG_HIGH_INCOME,463,463.0,0,0.0
82,WEAgent14,FEMALE_OLD_HIGH_INCOME,244,244.0,0,0.0
82,WEAgent15,OLD,3246,3246.0,3190,3190.234999999996
82,WEAgent12,FEMALE,1008,1008.0,0,0.0
82,WEAgent13,YOUNG_HIGH_INCOME,309,309.0,0,0.0
82,WEAgent9,FEMALE_YOUNG_LOW_INCOME,1188,1188.0,0,0.0
82,WEAgent10,MALE_YOUNG_LOW_INCOME,1101,1101.0,0,0.0
82,WEAgent11,FEMALE_YOUNG_HIGH_INCOME,51,51.0,0,0.0
82,WEAgent7,FEMALE_OLD_HIGH_INCOME,81,81.0,0,0.0
82,WEAgent8,YOUNG_LOW_INCOME,763,763.0,0,0.0
82,WEAgent1,HIGH_INCOME,795,795.0,0,0.0
82,WEAgent2,YOUNG,1835,1835.0,1100,1101.099999999981
82,WEAgent0,MALE_YOUNG_LOW_INCOME,734,734.0,620,620.6199999999923
82,WEAgent5,MALE_OLD_HIGH_INCOME,161,161.0,0,0.0
82,WEAgent6,OLD,1082,1082.0,0,0.0
82,WEAgent3,MALE_OLD_HIGH_INCOME,484,484.0,0,0.0
82,WEAgent4,YOUNG_HIGH_INCOME,154,154.0,0,0.0
82,SIAgent1,FEMALE,2017,2017.0,7,7.0
82,SIAgent2,MALE_OLD,1041,1041.0,0,0.0
82,SIAgent0,HIGH_INCOME,795,795.0,8,8.0
82,WEAgent21,OLD,2164,2164.0,2099,2099.2080000000005
82,WEAgent22,FEMALE_YOUNG,1341,1341.0,0,0.0
82,WEAgent20,MALE,2973,2973.0,0,0.0
83,WEAgent18,YOUNG,917,917.0,811,811.589999999992
83,WEAgent19,FEMALE_OLD_HIGH_INCOME,244,244.0,0,0.0
83,WEAgent16,LOW_INCOME,3204,3204.0,3228,442.4419999999964
83,WEAgent17,FEMALE,1008,1008.0,0,0.0
83,WEAgent14,FEMALE_OLD,1684,1684.0,1683,1683.62799999999
83,WEAgent15,MALE_YOUNG_LOW_INCOME,367,367.0,0,0.0
83,WEAgent12,YOUNG_HIGH_INCOME,309,309.0,0,0.0
83,WEAgent13,MALE_OLD_HIGH_INCOME,484,484.0,0,0.0
83,WEAgent9,MALE_YOUNG_LOW_INCOME,1101,1101.0,0,0.0
83,WEAgent10,OLD_HIGH_INCOME,729,729.0,0,0.0
83,WEAgent11,FEMALE_LOW_INCOME,2628,2628.0,2614,648.6479999999916
83,WEAgent7,MALE_HIGH_INCOME,795,795.0,579,579.5789999999932
83,WEAgent8,FEMALE_LOW_INCOME,876,876.0,0,0.0
83,WEAgent1,HIGH_INCOME,795,795.0,570,570.5699999999935
83,WEAgent2,LOW_INCOME,1602,1602.0,0,0.0
83,WEAgent0,MALE_YOUNG_HIGH_INCOME,206,206.0,0,0.0
83,WEAgent5,FEMALE,1008,1008.0,0,0.0
83,WEAgent6,MALE_YOUNG_HIGH_INCOME,310,310.0,0,0.0
83,WEAgent3,FEMALE_OLD,561,561.0,0,0.0
83,WEAgent4,OLD_HIGH_INCOME,729,729.0,0,0.0
83,SIAgent1,OLD_HIGH_INCOME,486,486.0,0,0.0
83,SIAgent2,FEMALE_OLD,1684,1684.0,515,2.0
83,SIAgent0,YOUNG_HIGH_INCOME,309,309.0,0,0.0
83,WEAgent21,FEMALE_YOUNG_LOW_INCOME,792,792.0,0,0.0
83,WEAgent22,OLD_LOW_INCOME,1678,1678.0,0,0.0
83,WEAgent20,YOUNG_HIGH_INCOME,463,463.0,0,0.0
84,WEAgent18,YOUNG,1835,1835.0,1807,421.4209999999969
84,WEAgent19,MALE_OLD,1561,1561.0,0,0.0
84,WEAgent16,MALE_OLD_HIGH_INCOME,484,484.0,0,0.0
84,WEAgent17,FEMALE_OLD,1123,1123.0,921,921.9209999999852
84,WEAgent14,MALE,991,991.0,0,0.0
84,WEAgent15,MALE_OLD_LOW_INCOME,718,718.0,0,0.0
84,WEAgent12,FEMALE_YOUNG_HIGH_INCOME,102,102.0,0,0.0
84,WEAgent13,MALE_LOW_INCOME,2178,2178.0,0,0.0
84,WEAgent9,HIGH_INCOME,1192,1192.0,0,0.0
84,WEAgent10,FEMALE_YOUNG,447,447.0,0,0.0
84,WEAgent11,MALE_OLD_LOW_INCOME,718,718.0,0,0.0
84,WEAgent7,OLD_HIGH_INCOME,243,243.0,0,0.0
84,WEAgent8,MALE,1982,1982.0,1981,1981.1469999999986
84,WEAgent1,FEMALE_LOW_INCOME,876,876.0,875,875.8749999999862
84,WEAgent2,MALE_YOUNG_HIGH_INCOME,103,103.0,0,0.0
84,WEAgent0,MALE_HIGH_INCOME,795,795.0,0,0.0
84,WEAgent5,FEMALE_OLD,1123,1123.0,937,937.926999999985
84,WEAgent6,FEMALE_YOUNG_LOW_INCOME,396,396.0,0,0.0
84,WEAgent3,MALE_OLD_HIGH_INCOME,484,484.0,0,0.0
84,WEAgent4,MALE,2973,2973.0,2996,2450.1420000000003
84,SIAgent1,FEMALE_OLD_LOW_INCOME,480,480.0,352,0.0
84,SIAgent2,MALE_OLD_HIGH_INCOME,161,161.0,0,0.0
84,SIAgent0,MALE_LOW_INCOME,2178,2178.0,131,0.0
84,WEAgent21,MALE_OLD_LOW_INCOME,1077,1077.0,0,0.0
84,WEAgent22,MALE_YOUNG,941,941.0,0,0.0
84,WEAgent20,MALE_YOUNG_HIGH_INCOME,310,310.0,0,0.0
85,WEAgent18,MALE,1982,1982.0,0,0.0
85,WEAgent19,MALE_OLD,520,520.0,0,0.0
85,WEAgent16,FEMALE_OLD_HIGH_INCOME,244,244.0,0,0.0
85,WEAgent17,YOUNG_HIGH_INCOME,154,154.0,0,0.0
85,WEAgent14,YOUNG_LOW_INCOME,763,763.0,0,0.0
85,WEAgent15,LOW_INCOME,4807,4807.0,4784,2534.800999999996
85,WEAgent12,MALE_HIGH_INCOME,795,795.0,0,0.0
85,WEAgent13,OLD_HIGH_INCOME,729,729.0,0,0.0
85,WEAgent9,MALE_LOW_INCOME,1452,1452.0,0,0.0
85,WEAgent10,FEMALE,1008,1008.0,1017,752.3449999999971
85,WEAgent11,YOUNG,1835,1835.0,0,0.0
85,WEAgent7,MALE,991,991.0,979,474.16400000000044
85,WEAgent8,FEMALE_LOW_INCOME,876,876.0,0,0.0
85,WEAgent1,FEMALE_OLD_HIGH_INCOME,244,244.0,0,0.0
85,WEAgent2,FEMALE_LOW_INCOME,2628,2628.0,2824,1148.14699999998
85,WEAgent0,YOUNG_LOW_INCOME,2289,2289.0,0,0.0
85,WEAgent5,FEMALE_OLD_HIGH_INCOME,162,162.0,0,0.0
85,WEAgent6,OLD_LOW_INCOME,2517,2517.0,0,0.0
85,WEAgent3,MALE_YOUNG_LOW_INCOME,734,734.0,0,0.0
85,WEAgent4,FEMALE_HIGH_INCOME,265,265.0,0,0.0
85,SIAgent1,MALE_OLD,1561,1561.0,228,0.0
85,SIAgent2,MALE_OLD_LOW_INCOME,718,718.0,0,0.0
85,SIAgent0,FEMALE_OLD_HIGH_INCOME,162,162.0,8,0.0
85,WEAgent21,FEMALE_OLD,1684,1684.0,0,0.0
85,WEAgent22,OLD_LOW_INCOME,2517,2517.0,0,0.0
85,WEAgent20,MALE_OLD_HIGH_INCOME,161,161.0,160,160.1600000000004
86,WEAgent18,YOUNG,2753,2753.0,2737,390.1430000000004
86,WEAgent19,HIGH_INCOME,397,397.0,0,0.0
86,WEAgent16,FEMALE_LOW_INCOME,1752,1752.0,1013,1014.012999999983
86,WEAgent17,MALE_HIGH_INCOME,530,530.0,835,0.0
86,WEAgent14,FEMALE_YOUNG_LOW_INCOME,792,792.0,0,0.0
86,WEAgent15,MALE_YOUNG_LOW_INCOME,734,734.0,0,0.0
86,WEAgent12,FEMALE_LOW_INCOME,1752,1752.0,1023,1024.0229999999829
86,WEAgent13,FEMALE_HIGH_INCOME,265,265.0,0,0.0
86,WEAgent9,FEMALE_OLD_HIGH_INCOME,244,244.0,0,0.0
86,WEAgent10,HIGH_INCOME,397,397.0,0,0.0
86,WEAgent11,FEMALE_YOUNG_HIGH_INCOME,51,51.0,0,0.0
86,WEAgent7,FEMALE,2017,2017.0,2011,1611.049
86,WEAgent8,OLD_HIGH_INCOME,486,486.0,0,0.0
86,WEAgent1,FEMALE_OLD_LOW_INCOME,1440,1440.0,0,0.0
86,WEAgent2,MALE_OLD_HIGH_INCOME,484,484.0,0,0.0
86,WEAgent0,YOUNG_LOW_INCOME,1526,1526.0,0,0.0
86,WEAgent5,FEMALE_OLD_LOW_INCOME,1440,1440.0,0,0.0
86,WEAgent6,LOW_INCOME,1602,1602.0,0,0.0
86,WEAgent3,MALE_OLD,520,520.0,0,0.0
86,WEAgent4,FEMALE_YOUNG,894,894.0,0,0.0
86,SIAgent1,FEMALE_YOUNG_LOW_INCOME,1188,1188.0,0,0.0
86,SIAgent2,FEMALE_YOUNG_HIGH_INCOME,102,102.0,0,0.0
86,SIAgent0,OLD_LOW_INCOME,2517,2517.0,2381,0.0
86,WEAgent21,MALE_OLD,1561,1561.0,0,0.0
86,WEAgent22,YOUNG_LOW_INCOME,763,763.0,0,0.0
86,WEAgent20,MALE_OLD_LOW_INCOME,718,718.0,0,0.0
87,WEAgent18,OLD_LOW_INCOME,2517,2517.0,2516,2516.721999999985
87,WEAgent19,YOUNG_LOW_INCOME,763,763.0,0,0.0
87,WEAgent16,MALE_YOUNG,470,470.0,0,0.0
87,WEAgent17,FEMALE_OLD,1684,1684.0,0,0.0
87,WEAgent14,MALE_YOUNG_LOW_INCOME,367,367.0,0,0.0
87,WEAgent15,MALE_HIGH_INCOME,530,530.0,0,0.0
87,WEAgent12,FEMALE_OLD_LOW_INCOME,960,960.0,959,959.6969999999905
87,WEAgent13,FEMALE,2017,2017.0,0,0.0
87,WEAgent9,FEMALE_LOW_INCOME,2628,2628.0,0,0.0
87,WEAgent10,MALE_YOUNG_HIGH_INCOME,310,310.0,0,0.0
87,WEAgent11,YOUNG,1835,1835.0,1833,1833.0
87,WEAgent7,FEMALE_LOW_INCOME,1752,1752.0,0,0.0
87,WEAgent8,OLD_HIGH_INCOME,486,486.0,0,0.0
87,WEAgent1,YOUNG_LOW_INCOME,1526,1526.0,0,0.0
87,WEAgent2,FEMALE_YOUNG_HIGH_INCOME,51,51.0,0,0.0
87,WEAgent0,FEMALE_OLD,1684,1684.0,0,0.0
87,WEAgent5,FEMALE_HIGH_INCOME,397,397.0,0,0.0
87,WEAgent6,FEMALE_LOW_INCOME,2628,2628.0,0,0.0
87,WEAgent3,YOUNG_HIGH_INCOME,463,463.0,0,0.0
87,WEAgent4,FEMALE,2017,2017.0,0,0.0
87,SIAgent1,MALE_YOUNG_HIGH_INCOME,103,103.0,0,0.0
87,SIAgent2,FEMALE,3026,3026.0,3400,0.0
87,SIAgent0,MALE,991,991.0,1292,0.0
87,WEAgent21,FEMALE_YOUNG_HIGH_INCOME,51,51.0,0,0.0
87,WEAgent22,MALE_OLD_HIGH_INCOME,484,484.0,0,0.0
87,WEAgent20,YOUNG,917,917.0,0,0.0
88,WEAgent18,FEMALE_YOUNG_LOW_INCOME,396,396.0,0,0.0
88,WEAgent19,LOW_INCOME,1602,1602.0,0,0.0
88,WEAgent16,MALE_OLD_LOW_INCOME,359,359.0,0,0.0
88,WEAgent17,MALE_OLD_LOW_INCOME,718,718.0,0,0.0
88,WEAgent14,YOUNG,2753,2753.0,1586,1587.5859999999695
88,WEAgent15,MALE_YOUNG,470,470.0,0,0.0
88,WEAgent12,YOUNG,2753,2753.0,1601,1602.6009999999692
88,WEAgent13,MALE_YOUNG_HIGH_INCOME,310,310.0,0,0.0
88,WEAgent9,FEMALE_OLD,1684,1684.0,0,0.0
88,WEAgent10,YOUNG,1835,1835.0,0,0.0
88,WEAgent11,HIGH_INCOME,397,397.0,396,396.2869999999972
88,WEAgent7,YOUNG_LOW_INCOME,2289,2289.0,0,0.0
88,WEAgent8,YOUNG_LOW_INCOME,2289,2289.0,0,0.0
88,WEAgent1,LOW_INCOME,3204,3204.0,2759,2759.424999999992
88,WEAgent2,MALE_LOW_INCOME,1452,1452.0,0,0.0
88,WEAgent0,MALE_OLD,520,520.0,547,260.26000000000073
88,WEAgent5,MALE_YOUNG_HIGH_INCOME,206,206.0,0,0.0
88,WEAgent6,FEMALE_LOW_INCOME,1752,1752.0,2822,427.4269999999968
88,WEAgent3,MALE_YOUNG,941,941.0,0,0.0
88,WEAgent4,FEMALE_YOUNG,894,894.0,0,0.0
88,SIAgent1,MALE_OLD_LOW_INCOME,718,718.0,0,0.0
88,SIAgent2,FEMALE_OLD_HIGH_INCOME,81,81.0,289,0.0
88,SIAgent0,MALE_YOUNG_LOW_INCOME,367,367.0,0,0.0
88,WEAgent21,MALE_YOUNG_LOW_INCOME,1101,1101.0,0,0.0
88,WEAgent22,MALE_LOW_INCOME,1452,1452.0,0,0.0
88,WEAgent20,MALE_LOW_INCOME,2178,2178.0,0,0.0
89,WEAgent18,FEMALE_OLD_HIGH_INCOME,244,244.0,0,0.0
89,WEAgent19,YOUNG_LOW_INCOME,1526,1526.0,0,0.0
89,WEAgent16,MALE_OLD_LOW_INCOME,1077,1077.0,0,0.0
89,WEAgent17,FEMALE_YOUNG_LOW_INCOME,396,396.0,0,0.0
89,WEAgent14,HIGH_INCOME,1192,1192.0,0,0.0
89,WEAgent15,MALE_HIGH_INCOME,795,795.0,0,0.0
89,WEAgent12,FEMALE_YOUNG,447,447.0,0,0.0
89,WEAgent13,YOUNG_LOW_INCOME,763,763.0,762,762.7619999999889
89,WEAgent9,MALE_OLD_HIGH_INCOME,161,161.0,0,0.0
89,WEAgent10,FEMALE_YOUNG,447,447.0,0,0.0
89,WEAgent11,LOW_INCOME,4807,4807.0,4828,4377.786000000056
89,WEAgent7,OLD_LOW_INCOME,1678,1678.0,0,0.0
89,WEAgent8,HIGH_INCOME,1192,1192.0,0,0.0
89,WEAgent1,LOW_INCOME,3204,3204.0,0,0.0
89,WEAgent2,OLD_LOW_INCOME,1678,1678.0,0,0.0
89,WEAgent0,LOW_INCOME,1602,1602.0,0,0.0
89,WEAgent5,FEMALE_OLD,1684,1684.0,0,0.0
89,WEAgent6,FEMALE_HIGH_INCOME,265,265.0,0,0.0
89,WEAgent3,HIGH_INCOME,397,397.0,677,105.10500000000013
89,WEAgent4,MALE_YOUNG_HIGH_INCOME,103,103.0,102,102.10200000000012
89,SIAgent1,MALE_LOW_INCOME,726,726.0,23,23.0
89,SIAgent2,OLD_HIGH_INCOME,243,243.0,0,0.0
89,SIAgent0,MALE_YOUNG_LOW_INCOME,367,367.0,21,21.0
89,WEAgent21,OLD,3246,3246.0,1776,1777.775999999965
89,WEAgent22,OLD,3246,3246.0,1811,1812.8109999999642
89,WEAgent20,FEMALE_HIGH_INCOME,265,265.0,0,0.0
90,WEAgent18,YOUNG,1835,1835.0,0,0.0
90,WEAgent19,FEMALE_LOW_INCOME,876,876.0,0,0.0
90,WEAgent16,YOUNG_HIGH_INCOME,154,154.0,0,0.0
90,WEAgent17,FEMALE_YOUNG,1341,1341.0,0,0.0
90,WEAgent14,FEMALE_YOUNG_LOW_INCOME,396,396.0,0,0.0
90,WEAgent15,MALE,1982,1982.0,2322,495.0
90,WEAgent12,MALE_OLD,520,520.0,0,0.0
90,WEAgent13,YOUNG,1835,1835.0,0,0.0
90,WEAgent9,MALE_OLD,1041,1041.0,0,0.0
90,WEAgent10,FEMALE_OLD,1123,1123.0,0,0.0
90,WEAgent11,OLD_LOW_INCOME,839,839.0,0,0.0
90,WEAgent7,FEMALE_YOUNG_HIGH_INCOME,51,51.0,0,0.0
90,WEAgent8,MALE_OLD_HIGH_INCOME,484,484.0,0,0.0
90,WEAgent1,FEMALE_OLD_LOW_INCOME,960,960.0,0,0.0
90,WEAgent2,MALE_OLD,1041,1041.0,0,0.0
90,WEAgent0,LOW_INCOME,1602,1602.0,0,0.0
90,WEAgent5,FEMALE,2017,2017.0,2219,1.0
90,WEAgent6,FEMALE_HIGH_INCOME,397,397.0,0,0.0
90,WEAgent3,FEMALE_YOUNG_HIGH_INCOME,51,51.0,0,0.0
90,WEAgent4,FEMALE_OLD_HIGH_INCOME,81,81.0,0,0.0
90,SIAgent1,OLD,2164,2164.0,2164,2164.0
90,SIAgent2,OLD,3246,3246.0,3013,2231.0
90,SIAgent0,MALE_HIGH_INCOME,795,795.0,282,282.0
90,WEAgent21,FEMALE_LOW_INCOME,876,876.0,0,0.0
90,WEAgent22,MALE_YOUNG,941,941.0,0,0.0
90,WEAgent20,FEMALE_YOUNG_LOW_INCOME,792,792.0,0,0.0
91,WEAgent18,MALE,2973,2973.0,0,0.0
91,WEAgent19,MALE_OLD,1561,1561.0,0,0.0
91,WEAgent16,OLD,2164,2164.0,0,0.0
91,WEAgent17,MALE_YOUNG,470,470.0,469,469.001
91,WEAgent14,YOUNG_LOW_INCOME,2289,2289.0,0,0.0
91,WEAgent15,MALE_YOUNG_LOW_INCOME,367,367.0,0,0.0
91,WEAgent12,MALE_LOW_INCOME,726,726.0,0,0.0
91,WEAgent13,FEMALE_LOW_INCOME,1752,1752.0,0,0.0
91,WEAgent9,MALE_OLD_LOW_INCOME,718,718.0,0,0.0
91,WEAgent10,MALE_YOUNG_HIGH_INCOME,310,310.0,0,0.0
91,WEAgent11,MALE_OLD_LOW_INCOME,359,359.0,0,0.0
91,WEAgent7,FEMALE_YOUNG_LOW_INCOME,792,792.0,0,0.0
91,WEAgent8,FEMALE,3026,3026.0,4339,659.8149980879537
91,WEAgent1,MALE_YOUNG_LOW_INCOME,734,734.0,733,733.7329999999896
91,WEAgent2,FEMALE_YOUNG,1341,1341.0,0,0.0
91,WEAgent0,FEMALE_HIGH_INCOME,265,265.0,0,0.0
91,WEAgent5,OLD,3246,3246.0,855,682.966401529636
91,WEAgent6,MALE_YOUNG_LOW_INCOME,1101,1101.0,1148,776.7759999999886
91,WEAgent3,FEMALE_HIGH_INCOME,265,265.0,0,0.0
91,WEAgent4,FEMALE_HIGH_INCOME,265,265.0,0,0.0
91,SIAgent1,MALE_YOUNG_HIGH_INCOME,206,206.0,48,48.0
91,SIAgent2,MALE_OLD,1561,1561.0,1920,1560.982020238886
91,SIAgent0,MALE_HIGH_INCOME,530,530.0,488,388.09999999999764
91,WEAgent21,MALE_OLD_HIGH_INCOME,161,161.0,0,0.0
91,WEAgent22,FEMALE_YOUNG_HIGH_INCOME,153,153.0,0,0.0
91,WEAgent20,FEMALE_LOW_INCOME,2628,2628.0,0,0.0
92,WEAgent18,FEMALE_YOUNG_LOW_INCOME,396,396.0,347,347.3469999999987
92,WEAgent19,YOUNG_LOW_INCOME,2289,2289.0,0,0.0
92,WEAgent16,MALE_YOUNG_LOW_INCOME,1101,1101.0,0,0.0
92,WEAgent17,MALE_OLD_HIGH_INCOME,484,484.0,0,0.0
92,WEAgent14,OLD_LOW_INCOME,839,839.0,0,0.0
92,WEAgent15,MALE_OLD,1561,1561.0,0,0.0
92,WEAgent12,YOUNG_LOW_INCOME,1526,1526.0,0,0.0
92,WEAgent13,LOW_INCOME,1602,1602.0,1234,1235.2339999999779
92,WEAgent9,MALE_OLD_LOW_INCOME,718,718.0,0,0.0
92,WEAgent10,FEMALE_OLD_LOW_INCOME,960,960.0,0,0.0
92,WEAgent11,LOW_INCOME,1602,1602.0,1259,1260.2589999999773
92,WEAgent7,OLD,1082,1082.0,0,0.0
92,WEAgent8,FEMALE_YOUNG_HIGH_INCOME,153,153.0,0,0.0
92,WEAgent1,MALE_HIGH_INCOME,795,795.0,0,0.0
92,WEAgent2,YOUNG,2753,2753.0,2398,2398.3100000000036
92,WEAgent0,FEMALE_YOUNG,447,447.0,342,342.3419999999988
92,WEAgent5,MALE_YOUNG_LOW_INCOME,367,367.0,0,0.0
92,WEAgent6,FEMALE_YOUNG_LOW_INCOME,396,396.0,353,353.35299999999853
92,WEAgent3,MALE_OLD_LOW_INCOME,718,718.0,0,0.0
92,WEAgent4,FEMALE_OLD,1684,1684.0,1246,800.799999999988
92,SIAgent1,YOUNG_HIGH_INCOME,309,309.0,12,0.0
92,SIAgent2,LOW_INCOME,1602,1602.0,0,0.0
92,SIAgent0,FEMALE_YOUNG_LOW_INCOME,396,396.0,0,0.0
92,WEAgent21,MALE_YOUNG_LOW_INCOME,1101,1101.0,0,0.0
92,WEAgent22,HIGH_INCOME,795,795.0,0,0.0
92,WEAgent20,MALE,2973,2973.0,2809,1951.1550000000002
93,WEAgent18,MALE,991,991.0,990,990.4739999999919
93,WEAgent19,OLD,2164,2164.0,2225,949.7659999999888
93,WEAgent16,FEMALE_YOUNG_LOW_INCOME,1188,1188.0,0,0.0
93,WEAgent17,YOUNG_LOW_INCOME,763,763.0,762,762.7619999999889
93,WEAgent14,MALE_HIGH_INCOME,530,530.0,0,0.0
93,WEAgent15,OLD_HIGH_INCOME,729,729.0,0,0.0
93,WEAgent12,MALE_OLD,1041,1041.0,0,0.0
93,WEAgent13,MALE_OLD_HIGH_INCOME,484,484.0,0,0.0
93,WEAgent9,FEMALE_YOUNG,447,447.0,439,190.19000000000054
93,WEAgent10,FEMALE_OLD_HIGH_INCOME,162,162.0,0,0.0
93,WEAgent11,OLD_HIGH_INCOME,486,486.0,0,0.0
93,WEAgent7,MALE_YOUNG_LOW_INCOME,1101,1101.0,815,815.545999999994
93,WEAgent8,FEMALE_LOW_INCOME,1752,1752.0,1490,1491.2469999999776
93,WEAgent1,FEMALE_HIGH_INCOME,265,265.0,0,0.0
93,WEAgent2,FEMALE_OLD_LOW_INCOME,960,960.0,0,0.0
93,WEAgent0,MALE_LOW_INCOME,726,726.0,0,0.0
93,WEAgent5,OLD_LOW_INCOME,2517,2517.0,2487,2487.722000000009
93,WEAgent6,MALE_HIGH_INCOME,530,530.0,0,0.0
93,WEAgent3,YOUNG_LOW_INCOME,763,763.0,762,762.7619999999889
93,WEAgent4,FEMALE_OLD_HIGH_INCOME,81,81.0,0,0.0
93,SIAgent1,MALE_OLD_LOW_INCOME,718,718.0,0,0.0
93,SIAgent2,FEMALE_LOW_INCOME,1752,1752.0,12,0.0
93,SIAgent0,MALE_YOUNG,941,941.0,18,0.0
93,WEAgent21,YOUNG_HIGH_INCOME,154,154.0,0,0.0
93,WEAgent22,FEMALE_OLD_LOW_INCOME,1440,1440.0,0,0.0
93,WEAgent20,FEMALE_YOUNG_HIGH_INCOME,153,153.0,0,0.0
94,WEAgent18,FEMALE_OLD_HIGH_INCOME,244,244.0,0,0.0
94,WEAgent19,MALE_OLD,1561,1561.0,0,0.0
94,WEAgent16,OLD,3246,3246.0,3218,2794.234999999996
94,WEAgent17,YOUNG_LOW_INCOME,1526,1526.0,0,0.0
94,WEAgent14,YOUNG,2753,2753.0,0,0.0
94,WEAgent15,FEMALE_OLD,561,561.0,0,0.0
94,WEAgent12,FEMALE,3026,3026.0,2984,2721.7899999999972
94,WEAgent13,FEMALE_LOW_INCOME,2628,2628.0,0,0.0
94,WEAgent9,FEMALE_OLD_HIGH_INCOME,162,162.0,0,0.0
94,WEAgent10,FEMALE_YOUNG,447,447.0,0,0.0
94,WEAgent11,MALE_YOUNG,470,470.0,0,0.0
94,WEAgent7,FEMALE_OLD_HIGH_INCOME,81,81.0,0,0.0
94,WEAgent8,OLD_LOW_INCOME,839,839.0,0,0.0
94,WEAgent1,OLD_LOW_INCOME,1678,1678.0,0,0.0
94,WEAgent2,FEMALE_LOW_INCOME,2628,2628.0,0,0.0
94,WEAgent0,OLD_LOW_INCOME,2517,2517.0,0,0.0
94,WEAgent5,MALE,1982,1982.0,2326,0.0
94,WEAgent6,FEMALE_OLD_HIGH_INCOME,81,81.0,0,0.0
94,WEAgent3,MALE_OLD,520,520.0,0,0.0
94,WEAgent4,FEMALE_YOUNG_LOW_INCOME,792,792.0,0,0.0
94,SIAgent1,MALE_OLD_HIGH_INCOME,484,484.0,0,0.0
94,SIAgent2,FEMALE_LOW_INCOME,1752,1752.0,446,0.0
94,SIAgent0,MALE_OLD,520,520.0,19,0.0
94,WEAgent21,MALE_OLD_LOW_INCOME,1077,1077.0,0,0.0
94,WEAgent22,FEMALE,1008,1008.0,1007,1007.7479999999892
94,WEAgent20,MALE_OLD,1561,1561.0,0,0.0
95,WEAgent18,MALE_HIGH_INCOME,265,265.0,0,0.0
95,WEAgent19,MALE_OLD_HIGH_INCOME,484,484.0,0,0.0
95,WEAgent16,MALE_OLD_LOW_INCOME,718,718.0,0,0.0
95,WEAgent17,MALE_YOUNG,470,470.0,469,469.4689999999958
95,WEAgent14,FEMALE_YOUNG_LOW_INCOME,792,792.0,0,0.0
95,WEAgent15,MALE_LOW_INCOME,1452,1452.0,0,0.0
95,WEAgent12,HIGH_INCOME,795,795.0,0,0.0
95,WEAgent13,OLD,3246,3246.0,3217,3217.2349999999956
95,WEAgent9,YOUNG_LOW_INCOME,2289,2289.0,0,0.0
95,WEAgent10,OLD_HIGH_INCOME,243,243.0,0,0.0
95,WEAgent11,MALE_OLD,520,520.0,0,0.0
95,WEAgent7,FEMALE_OLD_LOW_INCOME,960,960.0,0,0.0
95,WEAgent8,MALE_OLD_LOW_INCOME,359,359.0,0,0.0
95,WEAgent1,FEMALE_LOW_INCOME,2628,2628.0,2611,2611.648000000013
95,WEAgent2,FEMALE,1008,1008.0,0,0.0
95,WEAgent0,FEMALE,1008,1008.0,0,0.0
95,WEAgent5,FEMALE_OLD_LOW_INCOME,1440,1440.0,745,745.7449999999893
95,WEAgent6,YOUNG,1835,1835.0,2125,1226.4679999999926
95,WEAgent3,YOUNG_HIGH_INCOME,309,309.0,0,0.0
95,WEAgent4,YOUNG_LOW_INCOME,2289,2289.0,0,0.0
95,SIAgent1,FEMALE_YOUNG,894,894.0,0,0.0
95,SIAgent2,OLD,3246,3246.0,71,1.0
95,SIAgent0,MALE_HIGH_INCOME,795,795.0,24,0.0
95,WEAgent21,FEMALE_YOUNG_HIGH_INCOME,51,51.0,0,0.0
95,WEAgent22,FEMALE_OLD_LOW_INCOME,1440,1440.0,738,738.7379999999895
95,WEAgent20,FEMALE_LOW_INCOME,1752,1752.0,0,0.0
96,WEAgent18,FEMALE_YOUNG,447,447.0,0,0.0
96,WEAgent19,FEMALE,2017,2017.0,0,0.0
96,WEAgent16,MALE_OLD,1041,1041.0,0,0.0
96,WEAgent17,OLD_LOW_INCOME,2517,2517.0,2443,722.7219999999899
96,WEAgent14,MALE_OLD_HIGH_INCOME,484,484.0,0,0.0
96,WEAgent15,MALE_OLD_HIGH_INCOME,323,323.0,0,0.0
96,WEAgent12,FEMALE_HIGH_INCOME,265,265.0,0,0.0
96,WEAgent13,FEMALE_YOUNG_HIGH_INCOME,153,153.0,0,0.0
96,WEAgent9,MALE_YOUNG_LOW_INCOME,1101,1101.0,0,0.0
96,WEAgent10,MALE_YOUNG_HIGH_INCOME,103,103.0,0,0.0
96,WEAgent11,FEMALE_OLD_HIGH_INCOME,244,244.0,0,0.0
96,WEAgent7,OLD_HIGH_INCOME,486,486.0,0,0.0
96,WEAgent8,FEMALE_YOUNG,1341,1341.0,0,0.0
96,WEAgent1,MALE_LOW_INCOME,2178,2178.0,0,0.0
96,WEAgent2,YOUNG,917,917.0,0,0.0
96,WEAgent0,FEMALE_OLD,1684,1684.0,0,0.0
96,WEAgent5,MALE_OLD,1561,1561.0,0,0.0
96,WEAgent6,YOUNG,1835,1835.0,2389,517.0
96,WEAgent3,FEMALE,3026,3026.0,3013,639.3829999999962
96,WEAgent4,FEMALE,1008,1008.0,1007,1007.6769999999909
96,SIAgent1,MALE_YOUNG_HIGH_INCOME,206,206.0,7,7.0
96,SIAgent2,YOUNG_HIGH_INCOME,309,309.0,10,1.0
96,SIAgent0,FEMALE_OLD_LOW_INCOME,1440,1440.0,305,0.0
96,WEAgent21,FEMALE_YOUNG_HIGH_INCOME,51,51.0,0,0.0
96,WEAgent22,MALE_HIGH_INCOME,265,265.0,0,0.0
96,WEAgent20,HIGH_INCOME,795,795.0,826,0.0
97,WEAgent18,FEMALE_HIGH_INCOME,132,132.0,0,0.0
97,WEAgent19,FEMALE_OLD,561,561.0,0,0.0
97,WEAgent16,MALE_LOW_INCOME,2178,2178.0,0,0.0
97,WEAgent17,OLD_LOW_INCOME,839,839.0,0,0.0
97,WEAgent14,FEMALE_YOUNG,447,447.0,0,0.0
97,WEAgent15,FEMALE_YOUNG_HIGH_INCOME,102,102.0,0,0.0
97,WEAgent12,OLD_HIGH_INCOME,729,729.0,0,0.0
97,WEAgent13,LOW_INCOME,1602,1602.0,0,0.0
97,WEAgent9,YOUNG,1835,1835.0,929,929.928999999985
97,WEAgent10,MALE_YOUNG_HIGH_INCOME,103,103.0,0,0.0
97,WEAgent11,FEMALE_LOW_INCOME,2628,2628.0,0,0.0
97,WEAgent7,YOUNG,1835,1835.0,968,968.967999999984
97,WEAgent8,OLD,2164,2164.0,2175,534.5339999999943
97,WEAgent1,MALE_YOUNG_LOW_INCOME,1101,1101.0,0,0.0
97,WEAgent2,FEMALE,3026,3026.0,2972,383.3829999999978
97,WEAgent0,FEMALE_HIGH_INCOME,132,132.0,0,0.0
97,WEAgent5,MALE_OLD_LOW_INCOME,1077,1077.0,0,0.0
97,WEAgent6,FEMALE_YOUNG_LOW_INCOME,396,396.0,0,0.0
97,WEAgent3,MALE,2973,2973.0,2926,2926.1629999999996
97,WEAgent4,OLD_LOW_INCOME,2517,2517.0,0,0.0
97,SIAgent1,MALE,991,991.0,30,0.0
97,SIAgent2,MALE_LOW_INCOME,2178,2178.0,0,0.0
97,SIAgent0,MALE_YOUNG_HIGH_INCOME,310,310.0,0,0.0
97,WEAgent21,YOUNG_LOW_INCOME,763,763.0,0,0.0
97,WEAgent22,MALE_YOUNG_LOW_INCOME,734,734.0,0,0.0
97,WEAgent20,FEMALE_LOW_INCOME,876,876.0,0,0.0
98,WEAgent18,MALE_HIGH_INCOME,265,265.0,0,0.0
98,WEAgent19,OLD_LOW_INCOME,839,839.0,0,0.0
98,WEAgent16,MALE_OLD_LOW_INCOME,359,359.0,0,0.0
98,WEAgent17,MALE_HIGH_INCOME,530,530.0,551,277.2770000000003
98,WEAgent14,LOW_INCOME,4807,4807.0,4777,4777.782000000061
98,WEAgent15,MALE_HIGH_INCOME,265,265.0,0,0.0
98,WEAgent12,FEMALE_YOUNG_HIGH_INCOME,102,102.0,0,0.0
98,WEAgent13,OLD_LOW_INCOME,839,839.0,0,0.0
98,WEAgent9,FEMALE_YOUNG_LOW_INCOME,792,792.0,0,0.0
98,WEAgent10,MALE,1982,1982.0,0,0.0
98,WEAgent11,YOUNG_LOW_INCOME,763,763.0,0,0.0
98,WEAgent7,MALE_OLD_LOW_INCOME,718,718.0,0,0.0
98,WEAgent8,MALE_HIGH_INCOME,795,795.0,770,277.2770000000003
98,WEAgent1,FEMALE_OLD,561,561.0,0,0.0
98,WEAgent2,YOUNG_LOW_INCOME,1526,1526.0,0,0.0
98,WEAgent0,FEMALE_YOUNG,447,447.0,0,0.0
98,WEAgent5,FEMALE_OLD,1684,1684.0,1683,1683.5659999999934
98,WEAgent6,FEMALE,1008,1008.0,0,0.0
98,WEAgent3,MALE_OLD,520,520.0,0,0.0
98,WEAgent4,FEMALE,2017,2017.0,2014,1355.353999999975
98,SIAgent1,LOW_INCOME,4807,4807.0,181,6.0
98,SIAgent2,YOUNG_LOW_INCOME,763,763.0,14,14.0
98,SIAgent0,MALE_YOUNG_LOW_INCOME,734,734.0,10,10.0
98,WEAgent21,MALE_YOUNG,941,941.0,0,0.0
98,WEAgent22,FEMALE_YOUNG_LOW_INCOME,792,792.0,0,0.0
98,WEAgent20,FEMALE,1008,1008.0,0,0.0
99,WEAgent18,FEMALE_LOW_INCOME,2628,2628.0,2696,1355.353999999975
99,WEAgent19,FEMALE,2017,2017.0,0,0.0
99,WEAgent16,OLD_LOW_INCOME,2517,2517.0,0,0.0
99,WEAgent17,YOUNG_LOW_INCOME,1526,1526.0,0,0.0
99,WEAgent14,MALE_YOUNG,1411,1411.0,0,0.0
99,WEAgent15,FEMALE_LOW_INCOME,876,876.0,0,0.0
99,WEAgent12,OLD_HIGH_INCOME,243,243.0,0,0.0
99,WEAgent13,MALE_YOUNG_HIGH_INCOME,103,103.0,0,0.0
99,WEAgent9,FEMALE_OLD,1684,1684.0,0,0.0
99,WEAgent10,MALE_OLD_HIGH_INCOME,323,323.0,0,0.0
99,WEAgent11,OLD_HIGH_INCOME,729,729.0,764,12.011999999999995
99,WEAgent7,FEMALE_OLD,561,561.0,560,560.5599999999937
99,WEAgent8,FEMALE_LOW_INCOME,1752,1752.0,0,0.0
99,WEAgent1,FEMALE_HIGH_INCOME,397,397.0,0,0.0
99,WEAgent2,MALE_YOUNG,1411,1411.0,0,0.0
99,WEAgent0,FEMALE_YOUNG_HIGH_INCOME,153,153.0,0,0.0
99,WEAgent5,YOUNG,917,917.0,0,0.0
99,WEAgent6,YOUNG_LOW_INCOME,2289,2289.0,0,0.0
99,WEAgent3,FEMALE_OLD_LOW_INCOME,480,480.0,0,0.0
99,WEAgent4,LOW_INCOME,4807,4807.0,4753,2972.770999999999
99,SIAgent1,MALE_OLD_LOW_INCOME,359,359.0,6,6.0
99,SIAgent2,MALE_OLD_LOW_INCOME,359,359.0,5,5.0
99,SIAgent0,FEMALE_YOUNG_LOW_INCOME,396,396.0,22,0.0
99,WEAgent21,YOUNG_HIGH_INCOME,463,463.0,0,0.0
99,WEAgent22,MALE_YOUNG_HIGH_INCOME,206,206.0,0,0.0
99,WEAgent20,HIGH_INCOME,1192,1192.0,1194,12.011999999999995

